*********** Attributes (0-60) **********

Train errors: 
[ 0.1217521   0.07197172  0.03870585  0.01103448  0.          0.          0.
  0.          0.          0.          0.          0.          0.          0.
  0.          0.          0.          0.          0.          0.          0.
  0.          0.        ]

Test errors: 
[ 0.27161813  0.30252379  0.29612972  0.27746032  0.3015873   0.33333333
  0.33333333  0.33333333  0.28571429  0.31746032  0.3015873   0.3015873
  0.26984127  0.34920635  0.26984127  0.28571429  0.3015873   0.31746032
  0.33333333  0.26984127  0.34920635  0.33333333  0.34920635]

Running times: 
[0.002454996109008789, 0.002892017364501953, 0.002663135528564453, 0.0035660266876220703, 0.0030689239501953125, 0.002969026565551758, 0.002955198287963867, 0.002952098846435547, 0.003654956817626953, 0.004732847213745117, 0.0046498775482177734, 0.004642009735107422, 0.0035851001739501953, 0.002936124801635742, 0.0029768943786621094, 0.0034809112548828125, 0.0045740604400634766, 0.004564046859741211, 0.00456690788269043, 0.004578828811645508, 0.004268169403076172, 0.002939939498901367, 0.0029821395874023438]