*********** Attributes (0-1) **********

Train errors: 
[ 0.77842039  0.77380686  0.76943872  0.76460609  0.76141827  0.75750369
  0.75587858  0.75435845  0.75341793  0.75279408  0.75257562  0.75257149
  0.75257149  0.75257149  0.75257149  0.75257149  0.75257149  0.75257149
  0.75257149  0.75257149  0.75257149  0.75257149  0.75257149]

Test errors: 
[ 0.75018507  0.74476274  0.74983117  0.75541071  0.7509292   0.75230885
  0.74988381  0.74929899  0.74912074  0.7488562   0.74819664  0.74823922
  0.74823922  0.74823922  0.74823922  0.74823922  0.74823922  0.74823922
  0.74823922  0.74823922  0.74823922  0.74823922  0.74823922]

Running times: 
[0.0007328987121582031, 0.0006778240203857422, 0.0008909702301025391, 0.001007080078125, 0.0011479854583740234, 0.0007619857788085938, 0.00080108642578125, 0.0008311271667480469, 0.0008878707885742188, 0.0008749961853027344, 0.0008819103240966797, 0.0008869171142578125, 0.00086212158203125, 0.0008561611175537109, 0.0008578300476074219, 0.0008599758148193359, 0.0008959770202636719, 0.0008580684661865234, 0.0008959770202636719, 0.0008869171142578125, 0.000888824462890625, 0.0008568763732910156, 0.0008568763732910156]