*********** Attributes (8-9) **********

Train errors: 
[ 0.78483273  0.78251448  0.77907756  0.774095    0.77023837  0.76629259
  0.76279646  0.76081505  0.75874082  0.75837489  0.75785694  0.75775907
  0.75775906  0.75775906  0.75775906  0.75775906  0.75775906  0.75775906
  0.75775906  0.75775906  0.75775906  0.75775906  0.75775906]

Test errors: 
[ 0.73003188  0.7293512   0.73420753  0.73382347  0.73364583  0.73211441
  0.73073558  0.73329913  0.73919607  0.73868681  0.73835205  0.73763308
  0.73763562  0.73763562  0.73763562  0.73763562  0.73763562  0.73763562
  0.73763562  0.73763562  0.73763562  0.73763562  0.73763562]

Running times: 
[0.0005500316619873047, 0.0006031990051269531, 0.0007328987121582031, 0.0008699893951416016, 0.0009429454803466797, 0.001071929931640625, 0.0010859966278076172, 0.001130819320678711, 0.0011670589447021484, 0.0012099742889404297, 0.00121307373046875, 0.0012450218200683594, 0.0012078285217285156, 0.0012011528015136719, 0.0012090206146240234, 0.0012161731719970703, 0.0012099742889404297, 0.0012140274047851562, 0.0012099742889404297, 0.001216888427734375, 0.0012199878692626953, 0.0012040138244628906, 0.0012099742889404297]