*********** Attributes (5-6) **********

Train errors: 
[ 0.75435329  0.73972199  0.73295249  0.72610522  0.72096505  0.71640785
  0.71411723  0.70988786  0.7090528   0.70800562  0.70718704  0.70659033
  0.70608441  0.7060092   0.70569276  0.70569271  0.70569271  0.70569271
  0.70569271  0.70569271  0.70569271  0.70569271  0.70569271]

Test errors: 
[ 0.72290984  0.71930196  0.71132378  0.71537138  0.71466386  0.71348527
  0.71574397  0.71074843  0.71076591  0.70969822  0.70944475  0.70997419
  0.71199921  0.71215321  0.71216946  0.71216906  0.71216906  0.71216906
  0.71216906  0.71216906  0.71216906  0.71216906  0.71216906]

Running times: 
[0.0007381439208984375, 0.0009059906005859375, 0.0008192062377929688, 0.0009119510650634766, 0.0010089874267578125, 0.0010709762573242188, 0.001127004623413086, 0.0016689300537109375, 0.0012099742889404297, 0.0012290477752685547, 0.0012409687042236328, 0.0014770030975341797, 0.0020759105682373047, 0.0024919509887695312, 0.002110004425048828, 0.0019919872283935547, 0.0019991397857666016, 0.0022089481353759766, 0.0018210411071777344, 0.002110004425048828, 0.0021059513092041016, 0.0021190643310546875, 0.002087116241455078]