*********** Attributes (6-7) **********

Train errors: 
[ 0.73014132  0.72234622  0.71714146  0.71259424  0.7028086   0.69116068
  0.68188218  0.67464796  0.66731874  0.66323641  0.65969875  0.65799717
  0.65774644  0.6574697   0.65741065  0.65741065  0.65741065  0.65741065
  0.65741065  0.65741065  0.65741065  0.65741065  0.65741065]

Test errors: 
[ 0.74957966  0.73983018  0.74993106  0.74898514  0.74700576  0.74524381
  0.74955975  0.7582332   0.76591991  0.76655747  0.76667973  0.76881757
  0.76912976  0.76928211  0.76896745  0.76896745  0.76896745  0.76896745
  0.76896745  0.76896745  0.76896745  0.76896745  0.76896745]

Running times: 
[0.001071929931640625, 0.001374959945678711, 0.0016369819641113281, 0.001859903335571289, 0.0021839141845703125, 0.002393007278442383, 0.002574920654296875, 0.0027120113372802734, 0.0025060176849365234, 0.002377033233642578, 0.0026471614837646484, 0.0030760765075683594, 0.0030508041381835938, 0.0030670166015625, 0.0020499229431152344, 0.0019948482513427734, 0.001909017562866211, 0.00191497802734375, 0.0022230148315429688, 0.0019290447235107422, 0.0019199848175048828, 0.002835988998413086, 0.0030319690704345703]