*********** Attributes (10-11) **********

Train errors: 
[ 0.63398054  0.62757286  0.62135134  0.61590713  0.61310325  0.61054845
  0.60869994  0.60739721  0.60713854  0.60711145  0.60711145  0.60711145
  0.60711145  0.60711145  0.60711145  0.60711145  0.60711145  0.60711145
  0.60711145  0.60711145  0.60711145  0.60711145  0.60711145]

Test errors: 
[ 0.62047853  0.62015051  0.62168586  0.61934886  0.62046489  0.62123591
  0.62401571  0.62315057  0.62331869  0.62347153  0.62347153  0.62347153
  0.62347153  0.62347153  0.62347153  0.62347153  0.62347153  0.62347153
  0.62347153  0.62347153  0.62347153  0.62347153  0.62347153]

Running times: 
[0.0007510185241699219, 0.0007441043853759766, 0.0008940696716308594, 0.0010159015655517578, 0.001138925552368164, 0.0012180805206298828, 0.0012772083282470703, 0.0013079643249511719, 0.0013239383697509766, 0.0013339519500732422, 0.0013320446014404297, 0.0013339519500732422, 0.0013320446014404297, 0.0013248920440673828, 0.0013289451599121094, 0.0013289451599121094, 0.001329183578491211, 0.0013320446014404297, 0.00133514404296875, 0.0013270378112792969, 0.0013298988342285156, 0.0013289451599121094, 0.0013289451599121094]