*********** Attributes (1-2) **********

Train errors: 
[ 0.74220359  0.73819666  0.73520446  0.73254987  0.72955038  0.727024
  0.72486616  0.72205974  0.72063755  0.71873697  0.71791734  0.71756854
  0.71684611  0.71681585  0.71589197  0.71589197  0.71589197  0.71589197
  0.71589197  0.71589197  0.71589197  0.71589197  0.71589197]

Test errors: 
[ 0.76123885  0.75909258  0.76034471  0.7631088   0.76275435  0.76398565
  0.76877859  0.77434379  0.77695651  0.77749368  0.77600816  0.78002748
  0.78031165  0.77945546  0.77908709  0.77908709  0.77908709  0.77908709
  0.77908709  0.77908709  0.77908709  0.77908709  0.77908709]

Running times: 
[0.0005090236663818359, 0.0004639625549316406, 0.0005500316619873047, 0.0006470680236816406, 0.0006940364837646484, 0.0007698535919189453, 0.0007951259613037109, 0.00084686279296875, 0.0008561611175537109, 0.0008809566497802734, 0.0008978843688964844, 0.0009100437164306641, 0.0009500980377197266, 0.0009250640869140625, 0.0009310245513916016, 0.0009291172027587891, 0.0010848045349121094, 0.0009961128234863281, 0.0010349750518798828, 0.0012738704681396484, 0.0009341239929199219, 0.0009889602661132812, 0.0009791851043701172]