*********** Attributes (0-11) **********

Train errors: 
[ 0.60039102  0.56321085  0.5261194   0.48497455  0.44430517  0.40298169
  0.35743825  0.31036104  0.26078429  0.20969628  0.16447065  0.12182925
  0.09101104  0.06076393  0.03915925  0.02598694  0.01738962  0.01197901
  0.00992011  0.00664344  0.00399164  0.00174249  0.000691  ]

Test errors: 
[ 0.58605672  0.56892291  0.55189452  0.5591714   0.5413931   0.53877996
  0.57782236  0.60786387  0.64867392  0.65413869  0.66030902  0.68678309
  0.67315076  0.68656726  0.70808619  0.6934431   0.69751726  0.70566686
  0.71587697  0.70421541  0.72387623  0.68312239  0.70593011]

Running times: 
[0.005546092987060547, 0.007902145385742188, 0.010627031326293945, 0.008997917175292969, 0.01131892204284668, 0.018867015838623047, 0.01743292808532715, 0.02260279655456543, 0.026816844940185547, 0.03072190284729004, 0.03320598602294922, 0.03325009346008301, 0.03232002258300781, 0.027040958404541016, 0.0368959903717041, 0.03511190414428711, 0.03742194175720215, 0.03911089897155762, 0.03455209732055664, 0.04021596908569336, 0.0391840934753418, 0.03242206573486328, 0.04034090042114258]