*********** Attributes (4-5) **********

Train errors: 
[ 0.69296559  0.6875422   0.68428935  0.68217875  0.67891908  0.67434148
  0.67178357  0.66991742  0.66909911  0.66805551  0.66767301  0.66704895
  0.66638447  0.66600941  0.66555725  0.66549891  0.66545029  0.66545029
  0.66545029  0.66545029  0.66545029  0.66545029  0.66545029]

Test errors: 
[ 0.75767258  0.75487224  0.75673454  0.75725265  0.75973301  0.76487053
  0.76244006  0.76211032  0.76188985  0.76406955  0.76508995  0.76449225
  0.76522344  0.76689361  0.76703854  0.76702116  0.76739909  0.76739909
  0.76739909  0.76739909  0.76739909  0.76739909  0.76739909]

Running times: 
[0.0007691383361816406, 0.0004980564117431641, 0.0006349086761474609, 0.0006041526794433594, 0.0007460117340087891, 0.0007410049438476562, 0.0007300376892089844, 0.0007491111755371094, 0.0008449554443359375, 0.000782012939453125, 0.0007998943328857422, 0.0008060932159423828, 0.0008099079132080078, 0.0008127689361572266, 0.0008900165557861328, 0.0008227825164794922, 0.0008149147033691406, 0.0008139610290527344, 0.0008709430694580078, 0.0008170604705810547, 0.0008161067962646484, 0.000823974609375, 0.0008158683776855469]