*********** Attributes (2-3) **********

Train errors: 
[ 0.7281618   0.71474181  0.71198346  0.7073735   0.70186868  0.700491
  0.69970044  0.69888566  0.69863196  0.69840728  0.69834514  0.69832008
  0.69828635  0.69828084  0.69828084  0.69828084  0.69828084  0.69828084
  0.69828084  0.69828084  0.69828084  0.69828084  0.69828084]

Test errors: 
[ 0.76320307  0.74900884  0.74856425  0.7442029   0.7492369   0.74733223
  0.74857122  0.75026518  0.74989741  0.74971278  0.75006127  0.7494861
  0.74990652  0.74987363  0.74987363  0.74987363  0.74987363  0.74987363
  0.74987363  0.74987363  0.74987363  0.74987363  0.74987363]

Running times: 
[0.000988006591796875, 0.0009357929229736328, 0.001065969467163086, 0.0007669925689697266, 0.0007879734039306641, 0.0008499622344970703, 0.000885009765625, 0.001522064208984375, 0.001560211181640625, 0.0015659332275390625, 0.0015139579772949219, 0.0019030570983886719, 0.0015499591827392578, 0.0015308856964111328, 0.0015320777893066406, 0.0015900135040283203, 0.0014920234680175781, 0.0014760494232177734, 0.0014748573303222656, 0.001486063003540039, 0.0014820098876953125, 0.0014791488647460938, 0.0014750957489013672]