*********** Attributes (3-4) **********

Train errors: 
[ 0.75290403  0.73907874  0.73027861  0.72128311  0.71371828  0.70581922
  0.69789957  0.68984555  0.67947376  0.67280275  0.66647983  0.66369483
  0.66179537  0.66045391  0.65926481  0.65843041  0.65841936  0.65841936
  0.65841936  0.65841936  0.65841936  0.65841936  0.65841936]

Test errors: 
[ 0.77492719  0.76545546  0.75589017  0.75814571  0.76506328  0.77337787
  0.77851348  0.78128008  0.79264088  0.80100601  0.79878645  0.79861043
  0.80496653  0.80925437  0.81207434  0.81152345  0.81152553  0.81152553
  0.81152553  0.81152553  0.81152553  0.81152553  0.81152553]

Running times: 
[0.0010628700256347656, 0.0011341571807861328, 0.0013689994812011719, 0.0016660690307617188, 0.0019638538360595703, 0.0014450550079345703, 0.0015680789947509766, 0.0015499591827392578, 0.001589059829711914, 0.0020170211791992188, 0.002048015594482422, 0.0016980171203613281, 0.0017709732055664062, 0.0019190311431884766, 0.0017900466918945312, 0.002892017364501953, 0.0028839111328125, 0.002580881118774414, 0.0018010139465332031, 0.001847982406616211, 0.0024509429931640625, 0.0018200874328613281, 0.0025789737701416016]