*********** Attributes (7-8) **********

Train errors: 
[ 0.67868769  0.67312125  0.66724703  0.65914453  0.64812636  0.62567912
  0.60731818  0.58930257  0.57834494  0.56263095  0.55073121  0.53580757
  0.52860528  0.51972637  0.51071951  0.50248976  0.49666463  0.49216911
  0.48881205  0.485663    0.48357494  0.48230231  0.48178096]

Test errors: 
[ 0.68773268  0.68942979  0.68605788  0.68801477  0.68467882  0.6850812
  0.68571825  0.68696295  0.70013478  0.69896441  0.70248135  0.70040508
  0.70556051  0.71101644  0.70576664  0.70774752  0.70952523  0.70935245
  0.70733663  0.70453709  0.70227525  0.70257121  0.70326781]

Running times: 
[0.0013360977172851562, 0.0015218257904052734, 0.0019168853759765625, 0.002218961715698242, 0.0025398731231689453, 0.0028409957885742188, 0.003130197525024414, 0.0033850669860839844, 0.003631114959716797, 0.003821134567260742, 0.0040340423583984375, 0.00419306755065918, 0.0027761459350585938, 0.0028138160705566406, 0.002939939498901367, 0.0029621124267578125, 0.004114866256713867, 0.003117084503173828, 0.003072977066040039, 0.0030858516693115234, 0.0032699108123779297, 0.0031790733337402344, 0.0031239986419677734]