*********** Attributes (9-10) **********

Train errors: 
[ 0.7779457   0.77343243  0.76760902  0.76290174  0.76168361  0.75914339
  0.75722521  0.75637264  0.75615254  0.75610579  0.75610579  0.75610579
  0.75610579  0.75610579  0.75610579  0.75610579  0.75610579  0.75610579
  0.75610579  0.75610579  0.75610579  0.75610579  0.75610579]

Test errors: 
[ 0.76734287  0.76087883  0.75700044  0.76659636  0.76809186  0.76977116
  0.77209295  0.77419863  0.77381529  0.77384962  0.77384962  0.77384962
  0.77384962  0.77384962  0.77384962  0.77384962  0.77384962  0.77384962
  0.77384962  0.77384962  0.77384962  0.77384962  0.77384962]

Running times: 
[0.000476837158203125, 0.0007958412170410156, 0.0009169578552246094, 0.0010352134704589844, 0.0011379718780517578, 0.0012199878692626953, 0.0012831687927246094, 0.001322031021118164, 0.00133514404296875, 0.0013360977172851562, 0.001338958740234375, 0.0013380050659179688, 0.00133514404296875, 0.001338958740234375, 0.0013360977172851562, 0.0013339519500732422, 0.001332998275756836, 0.001332998275756836, 0.0013339519500732422, 0.0013320446014404297, 0.0013401508331298828, 0.001332998275756836, 0.0013360977172851562]