*********** Attributes (0-60) **********

Train errors: 
[ 0.12473157  0.06987237  0.06278515  0.01898211  0.032538    0.01504639
  0.00371439  0.01055379  0.00912914  0.00760727  0.00559582  0.00529298
  0.00340097  0.00759662  0.00516668  0.0088831   0.00477637  0.00267636
  0.00670212  0.00577005  0.00354983  0.00519921  0.00428933  0.00675093
  0.00571067  0.0027244   0.00506188  0.0067386   0.00387322  0.00205687
  0.00484725  0.00706225  0.00611138  0.00480748  0.00596831  0.00435507
  0.00497828  0.00393641  0.00403787  0.00740259  0.00802346  0.00351551
  0.00652206  0.00567505  0.00565138  0.00616406  0.0046697   0.00372232
  0.00276986  0.00564532  0.00663927  0.00403618  0.00629149  0.00307015
  0.00521739  0.00493882  0.00451942  0.00439992  0.00497445  0.00389033
  0.00467871  0.00435012  0.00549554  0.00397448  0.00488217  0.00459203
  0.00562356  0.00476486  0.00421563  0.00324576  0.00308652  0.00413132
  0.00397701  0.00391421  0.00451525  0.00367587  0.0027458   0.00610088
  0.00571867  0.00469375  0.00450306  0.00437767  0.00372477  0.00498977
  0.00615722  0.00510114  0.00412576  0.00482097  0.00290949  0.00590352
  0.00469552  0.0038606   0.0049494   0.00441105  0.00437817  0.00482905
  0.00389862  0.00412044  0.00309331  0.00527485  0.00414737  0.0049111
  0.00524191  0.00449294  0.00460392  0.00423503  0.00437699  0.00518526
  0.00568195  0.00416522  0.00368685  0.00485783  0.00453602  0.00430353
  0.00402056  0.00565862  0.00495273  0.00517567  0.00430763  0.00383473
  0.00654699  0.00421989  0.00486849  0.00458252  0.0047835   0.00538745
  0.00363907  0.00557152  0.00523669  0.00509409  0.00599532  0.00440257
  0.00404157  0.00376979  0.00514944  0.00434082  0.00488049  0.00353169
  0.00432072  0.0045384   0.00422475  0.00433066  0.00352055  0.00463394
  0.00498838  0.00396407  0.00441466  0.00487728  0.0047168   0.00421666
  0.00432665  0.00406298  0.00410915  0.0040227   0.00443179  0.00485472
  0.00552086  0.00537106  0.00567236  0.00431695  0.00518871  0.0040861
  0.00439127  0.00536146  0.00361568  0.00435431  0.00453342  0.00450486
  0.00478289  0.00583135  0.00388963  0.00549822  0.00595235  0.00372907
  0.00520815  0.00442979  0.00411074  0.00511347  0.00524552  0.00439508
  0.00456124  0.00559553  0.00461716  0.00358211  0.00508286  0.00486093
  0.00502411  0.00491806  0.00466851  0.00435928  0.00438633  0.00509207
  0.00478866  0.00578944  0.00522678  0.00454052  0.00562842  0.0042124
  0.00455508  0.00426571  0.00443641  0.00431669  0.0046453   0.00438454
  0.00440438  0.00390713  0.00386129  0.00385403  0.00468901  0.00517231
  0.0053289   0.00477776  0.00450283  0.00384034  0.00465412  0.00443971
  0.00445397  0.0043806   0.0040253   0.00445296  0.00406696  0.0046001
  0.00472541  0.00470529  0.00416512  0.00418506  0.00540443  0.00529817
  0.00525931  0.00407982  0.00367369  0.00439074  0.00481262  0.00412652
  0.00490663  0.00364782  0.00400704  0.00366621  0.00437815  0.00411948
  0.00445484  0.00426287  0.00425681  0.00410695  0.00413888  0.00329616
  0.00410035  0.00443242  0.00521067  0.00422927  0.00446444  0.00430476
  0.00474707  0.00390937  0.0036344   0.00565909  0.00396149  0.00512722
  0.00539684  0.00402047  0.00473234  0.00439226  0.00450836  0.00446897
  0.00470134  0.00458148  0.00569339  0.00535656  0.00474394  0.00580074
  0.0046922   0.00529907  0.00503432  0.00452243  0.00503432  0.00459668
  0.00455147  0.00422917  0.00464051  0.00469332  0.00403535  0.00396884
  0.00583076  0.00532009  0.00415645  0.00452945  0.00574306  0.0044108
  0.00488008  0.00427123  0.00408695  0.00463941  0.0048962   0.00486145
  0.00483733  0.00472189  0.00403217  0.00520995]

Test errors: 
[ 0.29918439  0.23780585  0.24800919  0.19772847  0.24305227  0.13257185
  0.17237649  0.12189046  0.15513939  0.19107352  0.15534446  0.22231202
  0.18763228  0.16056603  0.15438876  0.22762298  0.16690909  0.14767621
  0.13145818  0.17246347  0.16393184  0.18161273  0.1018174   0.15626906
  0.12768319  0.12907922  0.11068103  0.14399495  0.13376373  0.14200542
  0.16605403  0.11523668  0.13194524  0.13504461  0.11371693  0.14420601
  0.14556935  0.1452597   0.1478371   0.1398857   0.11926417  0.13376218
  0.13076422  0.11467607  0.08709714  0.13719578  0.14887699  0.12327067
  0.11905437  0.11448619  0.11509415  0.12287553  0.0796306   0.13672309
  0.1251139   0.12921108  0.09156956  0.12407701  0.1166996   0.10807861
  0.07721662  0.09957271  0.13020621  0.11265651  0.11704143  0.11545333
  0.09590683  0.10266722  0.12047656  0.13187064  0.12031694  0.10785449
  0.10840868  0.09887825  0.07795066  0.09934953  0.12320117  0.11908485
  0.11894091  0.0918961   0.11555391  0.10274907  0.11223517  0.12499908
  0.11571808  0.13001948  0.10504119  0.09144356  0.10369332  0.10001018
  0.10225166  0.11717727  0.08192434  0.08511038  0.08398576  0.1183423
  0.09244883  0.08988954  0.10497797  0.10477642  0.09576238  0.10539631
  0.12341482  0.11707233  0.11142963  0.11494727  0.07649877  0.07234861
  0.09818809  0.11066658  0.07703226  0.11124955  0.08361386  0.0961702
  0.08553876  0.11465496  0.10958078  0.11912547  0.09791669  0.08991671
  0.06916115  0.13109608  0.12693651  0.10852365  0.06862252  0.11303823
  0.10226335  0.11925893  0.12471143  0.10375298  0.11690684  0.06269751
  0.09006624  0.12828802  0.09643029  0.09347744  0.13494686  0.0963613
  0.07954449  0.08306263  0.11465404  0.10550677  0.08250042  0.09075576
  0.09037457  0.11890799  0.10019398  0.09499753  0.09686213  0.09318342
  0.0855579   0.11350455  0.08431308  0.09507374  0.09382745  0.0891224
  0.11354387  0.10655337  0.10097553  0.10789318  0.11162315  0.10971794
  0.10119541  0.10206255  0.09264435  0.09714624  0.08998639  0.09872155
  0.11319313  0.09594158  0.09882422  0.1109964   0.09547001  0.08000671
  0.11185671  0.09514131  0.09403063  0.10350533  0.10107205  0.10291454
  0.10188415  0.1001396   0.08278922  0.11895137  0.09848503  0.08752235
  0.11758955  0.08032485  0.0950811   0.06007709  0.11451782  0.09733748
  0.09239447  0.09928997  0.09107103  0.08492676  0.08377253  0.08576188
  0.09099951  0.10912812  0.07086705  0.08145438  0.12258591  0.10101733
  0.10994381  0.08525164  0.09990621  0.09275761  0.10392659  0.10706277
  0.1032169   0.08300984  0.09512711  0.09576549  0.09171998  0.10438254
  0.10566741  0.09453438  0.10417145  0.09354337  0.07965725  0.11189931
  0.09827083  0.09285294  0.09325838  0.08307123  0.10201868  0.08299001
  0.08295322  0.09935576  0.10335282  0.10441556  0.08496922  0.10016334
  0.09654266  0.10145264  0.10679152  0.08286996  0.09406064  0.10466962
  0.10519671  0.10282183  0.1034122   0.08611075  0.10619045  0.10662909
  0.11257126  0.10934251  0.10718659  0.08399998  0.0952691   0.10290388
  0.0939315   0.09128491  0.10583899  0.09070227  0.09404113  0.09346219
  0.08611115  0.12073587  0.1052796   0.09155402  0.10414389  0.09882008
  0.10204184  0.10309047  0.08554865  0.10823773  0.09726892  0.11631984
  0.11811275  0.07661828  0.09517406  0.12099796  0.10756249  0.0965177
  0.10437186  0.08357204  0.09998812  0.09314963  0.09920857  0.10888596
  0.10828656  0.08283693  0.0933335   0.08612101  0.08689754  0.09509953
  0.09873575  0.10229188  0.11040298  0.09706309  0.11787226  0.10069478
  0.10489699  0.10077063  0.10424272  0.08104892]

Running times: 
[0.007814884185791016, 0.010421991348266602, 0.011866092681884766, 0.01282191276550293, 0.018683195114135742, 0.024152040481567383, 0.02673196792602539, 0.02033400535583496, 0.02470088005065918, 0.030987024307250977, 0.044291019439697266, 0.04004311561584473, 0.03057098388671875, 0.03241395950317383, 0.0342710018157959, 0.05249500274658203, 0.04448294639587402, 0.05458402633666992, 0.06035280227661133, 0.057778120040893555, 0.054309844970703125, 0.07174086570739746, 0.06947898864746094, 0.07752418518066406, 0.06220602989196777, 0.056658029556274414, 0.058210134506225586, 0.06345200538635254, 0.07071495056152344, 0.06311607360839844, 0.08955788612365723, 0.09591412544250488, 0.10274600982666016, 0.08188509941101074, 0.0873870849609375, 0.09089112281799316, 0.08881211280822754, 0.11554908752441406, 0.08353209495544434, 0.08431696891784668, 0.08676791191101074, 0.08736586570739746, 0.08865499496459961, 0.09121084213256836, 0.09326410293579102, 0.09699702262878418, 0.10720491409301758, 0.12695598602294922, 0.10555386543273926, 0.13102197647094727, 0.15172481536865234, 0.12430787086486816, 0.11953997611999512, 0.14287519454956055, 0.16410589218139648, 0.14093804359436035, 0.14058399200439453, 0.13073015213012695, 0.1521151065826416, 0.1556382179260254, 0.14565300941467285, 0.15070295333862305, 0.14065909385681152, 0.16194677352905273, 0.13649487495422363, 0.15330195426940918, 0.190079927444458, 0.15142583847045898, 0.14034104347229004, 0.14217090606689453, 0.1437690258026123, 0.16093897819519043, 0.1578080654144287, 0.18763303756713867, 0.209367036819458, 0.17206192016601562, 0.18053102493286133, 0.2302250862121582, 0.2176039218902588, 0.18179893493652344, 0.21616196632385254, 0.19446110725402832, 0.21784591674804688, 0.2129669189453125, 0.22789406776428223, 0.24477791786193848, 0.2451019287109375, 0.22024297714233398, 0.21258997917175293, 0.22059988975524902, 0.24001502990722656, 0.26399803161621094, 0.23571300506591797, 0.24945521354675293, 0.228956937789917, 0.22421908378601074, 0.20144081115722656, 0.2089061737060547, 0.2036898136138916, 0.2610359191894531, 0.24738502502441406, 0.24517202377319336, 0.28257203102111816, 0.24718904495239258, 0.28903794288635254, 0.3138399124145508, 0.28362607955932617, 0.2998390197753906, 0.3028252124786377, 0.298537015914917, 0.30776405334472656, 0.3152458667755127, 0.28545403480529785, 0.294111967086792, 0.23909401893615723, 0.24334120750427246, 0.27718496322631836, 0.2847318649291992, 0.28783202171325684, 0.3085930347442627, 0.2900071144104004, 0.333406925201416, 0.33674120903015137, 0.30438709259033203, 0.3191978931427002, 0.2930607795715332, 0.3568611145019531, 0.31394100189208984, 0.3086221218109131, 0.3576998710632324, 0.311661958694458, 0.268064022064209, 0.3245859146118164, 0.29651308059692383, 0.3433551788330078, 0.3272569179534912, 0.2749028205871582, 0.2812809944152832, 0.28844189643859863, 0.3165011405944824, 0.3012847900390625, 0.3013119697570801, 0.3227808475494385, 0.39600205421447754, 0.3240330219268799, 0.2933318614959717, 0.36008596420288086, 0.37074708938598633, 0.3670079708099365, 0.3328521251678467, 0.31901097297668457, 0.3641500473022461, 0.4324760437011719, 0.39080286026000977, 0.31053900718688965, 0.3572819232940674, 0.37378716468811035, 0.3675367832183838, 0.4543311595916748, 0.45166707038879395, 0.3860771656036377, 0.42134904861450195, 0.35457396507263184, 0.35758495330810547, 0.3543980121612549, 0.38883304595947266, 0.4398190975189209, 0.3550729751586914, 0.4284651279449463, 0.44971704483032227, 0.36319708824157715, 0.3599848747253418, 0.37790393829345703, 0.39844608306884766, 0.3910789489746094, 0.3526430130004883, 0.35558199882507324, 0.3778870105743408, 0.46921586990356445, 0.4818241596221924, 0.4303710460662842, 0.4556450843811035, 0.4860701560974121, 0.4121739864349365, 0.4482738971710205, 0.5337810516357422, 0.441572904586792, 0.4447050094604492, 0.5087599754333496, 0.4393911361694336, 0.432358980178833, 0.49149584770202637, 0.4249279499053955, 0.4973578453063965, 0.5223519802093506, 0.4905970096588135, 0.46271705627441406, 0.5015947818756104, 0.5136270523071289, 0.45291686058044434, 0.48209500312805176, 0.4826838970184326, 0.4364969730377197, 0.5231270790100098, 0.5691709518432617, 0.5023720264434814, 0.47209787368774414, 0.5451719760894775, 0.5535869598388672, 0.48438286781311035, 0.5653388500213623, 0.5529639720916748, 0.6195869445800781, 0.5229389667510986, 0.5166440010070801, 0.5249330997467041, 0.5653159618377686, 0.5773220062255859, 0.5917689800262451, 0.6497509479522705, 0.530048131942749, 0.4954659938812256, 0.5535380840301514, 0.5138070583343506, 0.5825369358062744, 0.5923161506652832, 0.5827710628509521, 0.5614430904388428, 0.5341639518737793, 0.6226911544799805, 0.6009089946746826, 0.6354467868804932, 0.5485429763793945, 0.5225591659545898, 0.6698579788208008, 0.5915508270263672, 0.5712511539459229, 0.6774470806121826, 0.6532869338989258, 0.6481351852416992, 0.6181540489196777, 0.667550802230835, 0.5967228412628174, 0.6345129013061523, 0.6215569972991943, 0.5324609279632568, 0.6015219688415527, 0.6487929821014404, 0.635047197341919, 0.6440060138702393, 0.6544151306152344, 0.5442180633544922, 0.5896468162536621, 0.6536891460418701, 0.6070928573608398, 0.6240770816802979, 0.6300270557403564, 0.6151320934295654, 0.5809600353240967, 0.6303000450134277, 0.6490349769592285, 0.6230599880218506, 0.6347899436950684, 0.6006808280944824, 0.6359500885009766, 0.6004829406738281, 0.6823580265045166, 0.5713880062103271, 0.7284982204437256, 0.656609058380127, 0.7158079147338867, 0.7158138751983643, 0.7670230865478516, 0.6767778396606445, 0.6786959171295166, 0.645698070526123, 0.6220731735229492, 0.6068031787872314, 0.6582250595092773, 0.6333680152893066, 0.5924210548400879, 0.7220189571380615, 0.6591188907623291, 0.6325850486755371, 0.5994400978088379, 0.7294130325317383, 0.6434061527252197, 0.6806669235229492, 0.6111750602722168, 0.7481839656829834, 0.5924439430236816, 0.6116878986358643, 0.6864161491394043, 0.715303897857666, 0.6159451007843018, 0.6965038776397705, 0.7088639736175537, 0.6304869651794434]