*********** Attributes (9-10) **********

Train errors: 
[ 0.76261151  0.76160914  0.76152796  0.75470731  0.75975789  0.75923177
  0.76511074  0.7561162   0.759507    0.76098074  0.76059013  0.76001455
  0.76064561  0.76199883  0.76443499  0.76021593  0.75743145  0.76129191
  0.75806088  0.76247053  0.75981908  0.75719397  0.76234243  0.76197911
  0.76090305  0.75937484  0.75943887  0.75843169  0.75778724  0.75944715
  0.76170029  0.75943286  0.76157226  0.76260983  0.7612801   0.76021128
  0.76099066  0.76037142  0.7582794   0.76014401  0.76074921  0.7593188
  0.75872387  0.75929134  0.75893065  0.76240334  0.76044167  0.75982455
  0.76168457  0.75894227  0.75907369  0.76020551  0.75682525  0.76192055
  0.7613128   0.75969903  0.76026154  0.75926212  0.76089604  0.75896558
  0.76053145  0.7631011   0.75713454  0.76023268  0.75799968  0.76449279
  0.7599852   0.76047745  0.76351898  0.75941691  0.75634606  0.76145818
  0.75598558  0.75939828  0.76174577  0.76144095  0.7588689   0.75947729
  0.75989541  0.75962584  0.76151106  0.7619797   0.76014087  0.76045094
  0.76178214  0.75943719  0.7613826   0.76096989  0.76193363  0.75898815
  0.7573583   0.7598973   0.75766183  0.76107324  0.76329988  0.76304874
  0.75956266  0.76033087  0.76175387  0.75973602  0.76199602  0.76236181
  0.75813693  0.75972447  0.7643594   0.75668024  0.76251213  0.7588626
  0.76168176  0.75729964  0.76091623  0.75890135  0.76117178  0.75972017
  0.75974796  0.76021311  0.75870571  0.76241785  0.75867324  0.75765829
  0.75806095  0.75899374  0.75756897  0.75891171  0.76163466  0.76185962
  0.75969232  0.76079879  0.75697509  0.7620017   0.76143806  0.75570171
  0.75693722  0.7620588   0.75675565  0.75871776  0.75979835  0.76016031
  0.76029662  0.76044971  0.75803504  0.76400086  0.75690259  0.76158563
  0.76169532  0.76448742  0.75992895  0.75806778  0.76062108  0.76004155
  0.75848094  0.75861179  0.76070223  0.75839394  0.76456457  0.75861858
  0.75771726  0.75959112  0.7593719   0.7660352   0.76084553  0.76035335
  0.76257115  0.75925447  0.75999387  0.76072732  0.75991883  0.75942321
  0.7614664   0.76080437  0.76132936  0.76208492  0.76069886  0.75980746
  0.7602007   0.75833439  0.75830186  0.7610677   0.76263753  0.75773555
  0.76157917  0.76397417  0.7630173   0.75955239  0.7595484   0.75899278
  0.7625932   0.76405357  0.76189139  0.7610083   0.76335566  0.75997923
  0.75931673  0.76178282  0.76048606  0.76195713  0.76242561  0.76150552
  0.76094272  0.76357993  0.76192401  0.75767345  0.76032128  0.7605631
  0.76122121  0.76040976  0.76130171  0.76389059  0.76012815  0.75774518
  0.76144232  0.75897214  0.76356359  0.76009669  0.7619741   0.76226842
  0.75929048  0.76158927  0.75855911  0.75856302  0.75769741  0.76213812
  0.75850674  0.75797284  0.75965875  0.76002254  0.76025524  0.75975271
  0.759351    0.75871973  0.76190418  0.7614212   0.75873499  0.75838087
  0.76031008  0.75579722  0.76200033  0.75866817  0.7611244   0.76332542
  0.75980621  0.7648078   0.76222479  0.75970317  0.76084053  0.75798077
  0.76084361  0.76101656  0.7591999   0.76009138  0.76000487  0.75981656
  0.76175059  0.76016982  0.76118307  0.76057514  0.75837785  0.7622398
  0.7588865   0.76139523  0.7626719   0.75886796  0.76077108  0.75935799
  0.76232338  0.76175748  0.75967512  0.76006398  0.76003585  0.75953016
  0.76449608  0.76135479  0.75944736  0.76017875  0.76091489  0.76099133
  0.75949722  0.75772959  0.76030714  0.75756475  0.75931976  0.75884778
  0.76206147  0.76043556  0.76063284  0.76111745  0.76311163  0.7589048
  0.75857569  0.75833752  0.7610892   0.76262809  0.7588781   0.7598911
  0.76035541  0.75941121  0.75728847  0.7597763 ]

Test errors: 
[ 0.79865774  0.80838096  0.81117084  0.80442767  0.80499438  0.81690434
  0.80758223  0.80585862  0.80986652  0.81277839  0.80637349  0.809684
  0.80630822  0.81364242  0.80963865  0.81273267  0.80742608  0.81001339
  0.80592785  0.80896036  0.80935601  0.81116647  0.80850054  0.80985278
  0.81257579  0.80727888  0.80713222  0.81216101  0.81299077  0.81244813
  0.80474945  0.8151766   0.80612125  0.80900738  0.80968066  0.80977614
  0.81104745  0.80562905  0.80955747  0.81062129  0.80818647  0.80711669
  0.80597138  0.81146294  0.80701474  0.80801178  0.80748468  0.80724829
  0.80615085  0.80641619  0.80766984  0.80808467  0.80976613  0.80744147
  0.81178675  0.80401378  0.8096834   0.80704005  0.80838065  0.81289111
  0.8092127   0.80985106  0.80689789  0.8096332   0.80727631  0.81664575
  0.81387615  0.80914958  0.81091487  0.80730039  0.80529462  0.81068082
  0.80731579  0.81088729  0.81198084  0.81224006  0.80693488  0.80624358
  0.80953594  0.81023158  0.81065487  0.80686133  0.81032464  0.80426535
  0.80947158  0.81086858  0.8067758   0.81218494  0.81192736  0.81118596
  0.80670268  0.81654867  0.8123378   0.81027705  0.81350498  0.8112283
  0.8061213   0.80648606  0.81201857  0.80760502  0.80910573  0.8123215
  0.80646568  0.80871246  0.81309603  0.80416819  0.8070578   0.80711856
  0.80580855  0.80547903  0.8078791   0.81040083  0.81118013  0.80999066
  0.81076553  0.80648282  0.80601604  0.80747371  0.80508318  0.80662954
  0.81147125  0.80620765  0.80163085  0.81037335  0.81024337  0.80828131
  0.80923524  0.8136209   0.80804928  0.81101833  0.81289079  0.80412449
  0.80927234  0.80975824  0.80313132  0.80773071  0.80956983  0.81180437
  0.81291394  0.80807376  0.81185119  0.81387045  0.8060834   0.81048764
  0.81173173  0.8120763   0.80911457  0.80977591  0.81054235  0.80824361
  0.80510995  0.80763372  0.80988389  0.80455938  0.8093213   0.80689801
  0.80780081  0.80860983  0.80765229  0.8114604   0.81537298  0.81193148
  0.81244871  0.81063765  0.81024909  0.81331421  0.8102933   0.81180419
  0.81097288  0.81033153  0.81085567  0.81276339  0.80886971  0.8129022
  0.81014166  0.80394852  0.81194717  0.81130789  0.81097153  0.80877753
  0.80892751  0.81319228  0.81452039  0.81461591  0.80237143  0.80961612
  0.80598417  0.81096888  0.81118632  0.80873206  0.8105802   0.80786501
  0.80796866  0.81128768  0.80899594  0.80497565  0.81267086  0.80638461
  0.81267775  0.80731903  0.81233854  0.8068229   0.80978112  0.80416506
  0.80888133  0.81058296  0.80728764  0.81017794  0.81153184  0.81021763
  0.80915305  0.80703982  0.81219939  0.80968568  0.81442318  0.81501201
  0.80740844  0.81494467  0.80851454  0.80620269  0.80317463  0.81014947
  0.81275546  0.80713305  0.81115908  0.81101383  0.81301012  0.81214708
  0.81021549  0.80839326  0.8117476   0.80854013  0.80732019  0.80040738
  0.81004378  0.80866315  0.80884709  0.81289044  0.81266803  0.81196685
  0.8123852   0.80840396  0.81136537  0.81088779  0.80930051  0.80803812
  0.81172154  0.80940897  0.80950794  0.80736674  0.80530161  0.80887477
  0.80462386  0.80942169  0.80908511  0.80421925  0.81072074  0.80281458
  0.80907711  0.81292715  0.81451005  0.81047336  0.80812774  0.80941099
  0.80572157  0.80910727  0.8131754   0.81042582  0.8087362   0.80925966
  0.80909117  0.8060023   0.80666236  0.80949552  0.80839884  0.80922968
  0.80953296  0.80625041  0.80835635  0.80290935  0.8100279   0.81272643
  0.81186501  0.80984947  0.81070991  0.81014138  0.80921558  0.81198094
  0.81093925  0.80685571  0.80892468  0.81671818  0.8027245   0.8079015
  0.80891649  0.80727252  0.80467247  0.80805409]

Running times: 
[0.004611015319824219, 0.007983207702636719, 0.010967016220092773, 0.01150202751159668, 0.015539884567260742, 0.018677949905395508, 0.01788187026977539, 0.020817041397094727, 0.025400876998901367, 0.02737116813659668, 0.028020858764648438, 0.03415417671203613, 0.03616809844970703, 0.043853044509887695, 0.04185986518859863, 0.02166604995727539, 0.03230690956115723, 0.03514504432678223, 0.02935504913330078, 0.037117958068847656, 0.025152921676635742, 0.054605960845947266, 0.038867950439453125, 0.027498960494995117, 0.028157949447631836, 0.0471189022064209, 0.04495501518249512, 0.023695945739746094, 0.04421186447143555, 0.03682208061218262, 0.027259111404418945, 0.03418898582458496, 0.03563380241394043, 0.03114485740661621, 0.03275108337402344, 0.03433108329772949, 0.04175901412963867, 0.0374300479888916, 0.03725695610046387, 0.029320955276489258, 0.042014122009277344, 0.035730838775634766, 0.047683000564575195, 0.038832902908325195, 0.02849411964416504, 0.04650306701660156, 0.0292510986328125, 0.03820991516113281, 0.041127920150756836, 0.031141996383666992, 0.033889055252075195, 0.03361988067626953, 0.05277395248413086, 0.03341388702392578, 0.04118204116821289, 0.03508281707763672, 0.031794071197509766, 0.03689289093017578, 0.04167795181274414, 0.03602099418640137, 0.037487030029296875, 0.02884984016418457, 0.041831016540527344, 0.032959938049316406, 0.0392611026763916, 0.044634103775024414, 0.025691986083984375, 0.0453639030456543, 0.04251503944396973, 0.04827404022216797, 0.030313968658447266, 0.030518054962158203, 0.025889158248901367, 0.05785202980041504, 0.03928208351135254, 0.03038811683654785, 0.03750300407409668, 0.0464320182800293, 0.030324935913085938, 0.042748212814331055, 0.03867316246032715, 0.057215213775634766, 0.041580915451049805, 0.04198789596557617, 0.027472972869873047, 0.03658604621887207, 0.04278898239135742, 0.026034832000732422, 0.04640507698059082, 0.03671407699584961, 0.03897714614868164, 0.036514997482299805, 0.0322880744934082, 0.040023088455200195, 0.03401303291320801, 0.03822183609008789, 0.034455060958862305, 0.04430079460144043, 0.04879593849182129, 0.023216962814331055, 0.037470102310180664, 0.04100489616394043, 0.04309701919555664, 0.03758096694946289, 0.042207956314086914, 0.03468513488769531, 0.0418851375579834, 0.043241024017333984, 0.04393911361694336, 0.027686119079589844, 0.04437613487243652, 0.04224395751953125, 0.045272111892700195, 0.03240704536437988, 0.035540103912353516, 0.03691911697387695, 0.032685041427612305, 0.035809993743896484, 0.04396200180053711, 0.04276895523071289, 0.03294515609741211, 0.036715030670166016, 0.02688288688659668, 0.03929901123046875, 0.03348112106323242, 0.03258991241455078, 0.026777029037475586, 0.06533002853393555, 0.03594207763671875, 0.04397177696228027, 0.048050880432128906, 0.04393410682678223, 0.032392024993896484, 0.03350996971130371, 0.05946493148803711, 0.0342099666595459, 0.04254412651062012, 0.04364013671875, 0.03844285011291504, 0.04291105270385742, 0.035537004470825195, 0.0232541561126709, 0.024660110473632812, 0.04513192176818848, 0.0415189266204834, 0.05242609977722168, 0.03941917419433594, 0.03706979751586914, 0.047091007232666016, 0.03650999069213867, 0.0344691276550293, 0.0318140983581543, 0.04525589942932129, 0.02709794044494629, 0.047009944915771484, 0.03263092041015625, 0.03706097602844238, 0.0350651741027832, 0.030579805374145508, 0.034905195236206055, 0.02484893798828125, 0.0393369197845459, 0.03084111213684082, 0.04033207893371582, 0.03193497657775879, 0.029634952545166016, 0.027113914489746094, 0.045854806900024414, 0.047534942626953125, 0.05839991569519043, 0.041249990463256836, 0.0344691276550293, 0.03172492980957031, 0.04087090492248535, 0.043540000915527344, 0.050868988037109375, 0.033061981201171875, 0.05318188667297363, 0.02814793586730957, 0.037384033203125, 0.04076099395751953, 0.03464698791503906, 0.023190975189208984, 0.0391080379486084, 0.026320934295654297, 0.03708600997924805, 0.04240703582763672, 0.0472722053527832, 0.027348995208740234, 0.03280210494995117, 0.04457592964172363, 0.052050113677978516, 0.05141305923461914, 0.05152082443237305, 0.03207683563232422, 0.03293204307556152, 0.041661977767944336, 0.03667593002319336, 0.0267789363861084, 0.036843061447143555, 0.048802852630615234, 0.03371691703796387, 0.02901911735534668, 0.04503893852233887, 0.03565192222595215, 0.04305386543273926, 0.04897284507751465, 0.04220104217529297, 0.0359950065612793, 0.04718208312988281, 0.030985116958618164, 0.03609108924865723, 0.040341854095458984, 0.03163599967956543, 0.027420997619628906, 0.02625107765197754, 0.02242898941040039, 0.03291201591491699, 0.02925896644592285, 0.038761138916015625, 0.04465293884277344, 0.03393387794494629, 0.03892207145690918, 0.029397010803222656, 0.037384986877441406, 0.026945114135742188, 0.03475189208984375, 0.03232002258300781, 0.04796409606933594, 0.04598188400268555, 0.038568973541259766, 0.053173065185546875, 0.04210686683654785, 0.032594919204711914, 0.03273510932922363, 0.04262685775756836, 0.0365300178527832, 0.03173685073852539, 0.04170417785644531, 0.031419992446899414, 0.03376483917236328, 0.04250693321228027, 0.038648128509521484, 0.03361105918884277, 0.03989100456237793, 0.03386092185974121, 0.03834390640258789, 0.03263592720031738, 0.04522085189819336, 0.02693796157836914, 0.04722309112548828, 0.04713892936706543, 0.0312650203704834, 0.04343700408935547, 0.0368800163269043, 0.03429102897644043, 0.021582841873168945, 0.023102998733520508, 0.03336501121520996, 0.04279899597167969, 0.04243111610412598, 0.03834795951843262, 0.0428919792175293, 0.02798914909362793, 0.047714948654174805, 0.0393068790435791, 0.026711225509643555, 0.04038214683532715, 0.039640188217163086, 0.03434896469116211, 0.042253971099853516, 0.03488612174987793, 0.03702402114868164, 0.025738954544067383, 0.047410011291503906, 0.028085947036743164, 0.03491497039794922, 0.029220104217529297, 0.0499570369720459, 0.034644126892089844, 0.043496131896972656, 0.03493499755859375, 0.03180694580078125, 0.032533884048461914, 0.03188514709472656, 0.038873910903930664, 0.03496503829956055, 0.04383397102355957, 0.036386966705322266, 0.023203134536743164, 0.02855396270751953, 0.0326230525970459, 0.028494834899902344, 0.03661799430847168, 0.031031131744384766, 0.023067951202392578, 0.0284879207611084, 0.04392600059509277]