*********** Attributes (1-2) **********

Train errors: 
[ 0.76523359  0.76516502  0.76478962  0.76462594  0.76366904  0.7641622
  0.7643091   0.76691657  0.76660582  0.7625989   0.76801459  0.76991176
  0.76521987  0.76588141  0.76618848  0.76499349  0.76474227  0.76635572
  0.76498045  0.76358813  0.76454365  0.76441878  0.76556879  0.76470296
  0.76681036  0.76705993  0.76830759  0.76470888  0.76436984  0.76580398
  0.76738439  0.76483228  0.76590592  0.76747491  0.76781728  0.76707074
  0.76455287  0.76495527  0.76505052  0.76473914  0.76663497  0.76513318
  0.76586681  0.76921574  0.76370022  0.76544846  0.76679243  0.76892645
  0.76497147  0.76438661  0.76561519  0.76506646  0.76811207  0.7658378
  0.76760702  0.76702716  0.76414381  0.76595425  0.76566987  0.76699809
  0.76935073  0.7664865   0.76429805  0.76333866  0.76400322  0.76774045
  0.76416243  0.76490962  0.76329579  0.76708586  0.76755212  0.76634134
  0.76893641  0.76588829  0.76357027  0.76633648  0.76737831  0.76806
  0.76744337  0.76486638  0.76476768  0.76604978  0.76773529  0.76573062
  0.76704353  0.76514105  0.76406069  0.76704283  0.76522686  0.76394346
  0.76494991  0.7667263   0.76721849  0.76966896  0.76742703  0.76603948
  0.76652148  0.76566827  0.76741051  0.76408337  0.76561227  0.76832533
  0.76545899  0.76612576  0.763699    0.76287807  0.76664609  0.76555365
  0.76836411  0.7668289   0.76567916  0.7656393   0.7693011   0.76646987
  0.7646674   0.76621886  0.76874153  0.76510349  0.76554249  0.76487907
  0.76429204  0.76773493  0.76643092  0.76363196  0.76621569  0.76735842
  0.76618826  0.76252496  0.76410657  0.76427168  0.76529032  0.76801979
  0.76466409  0.76696834  0.76596192  0.76676232  0.76671561  0.76810305
  0.76432471  0.76854247  0.7665375   0.76411977  0.76542182  0.76596825
  0.7649396   0.7654452   0.7671315   0.76453455  0.76654906  0.7662585
  0.76680126  0.76829231  0.76621276  0.76666023  0.76426612  0.76735762
  0.7648708   0.76572131  0.76679943  0.76625377  0.76543045  0.76770315
  0.76606851  0.76358943  0.76290661  0.76593     0.76424059  0.76467812
  0.76838827  0.76579968  0.76846811  0.76400304  0.76464045  0.7643302
  0.76449829  0.76555911  0.76293812  0.76751499  0.76612903  0.7676718
  0.76377365  0.7686008   0.76792793  0.76542732  0.76558781  0.76650416
  0.76805884  0.76553954  0.76723959  0.7656628   0.76460965  0.76514243
  0.76344522  0.76496265  0.76699413  0.7659637   0.76673091  0.76465261
  0.76799668  0.76964108  0.76553352  0.76828289  0.76502336  0.76385513
  0.76732184  0.76942586  0.76414298  0.76333148  0.76416546  0.76785208
  0.7633137   0.76708991  0.76768605  0.76334557  0.7652273   0.7649051
  0.76499008  0.76594904  0.76718903  0.76486835  0.76599382  0.76705275
  0.76606386  0.76613454  0.76454867  0.76462869  0.76373063  0.76624429
  0.76828362  0.76533011  0.76718175  0.76675704  0.7672029   0.76638974
  0.76973733  0.76861864  0.76616121  0.76573355  0.76577476  0.76732849
  0.76898722  0.76615802  0.76487002  0.76742069  0.76649317  0.76467065
  0.76585428  0.76584689  0.76400023  0.76746002  0.7658858   0.76823678
  0.76509436  0.76545327  0.76592201  0.76211484  0.76510642  0.76468568
  0.76631309  0.7651881   0.76780562  0.76681014  0.76393857  0.76711827
  0.76415304  0.76655599  0.7657144   0.76567553  0.76395269  0.7667362
  0.7684237   0.76783678  0.7654616   0.7656833   0.76616911  0.76741408
  0.76404483  0.7637867   0.76489895  0.76714693  0.7653379   0.7655103
  0.76373649  0.76474888  0.76689134  0.76496137  0.76774749  0.76722035
  0.766944    0.76512989  0.76596067  0.76689289  0.76477428  0.76633914
  0.76917369  0.76637405  0.76947715  0.76740671]

Test errors: 
[ 0.70978826  0.70747959  0.70705185  0.71232807  0.7048907   0.70642231
  0.70646411  0.70511684  0.70969428  0.70516122  0.70705854  0.71048898
  0.70657458  0.70572675  0.70705827  0.70727902  0.70270424  0.70738656
  0.70435225  0.70395789  0.70850877  0.70515171  0.70740512  0.70899866
  0.70713266  0.70979978  0.70636317  0.70284323  0.70965955  0.70907276
  0.70743991  0.70465103  0.70557737  0.7092592   0.71097285  0.70935126
  0.70554236  0.70638957  0.70550813  0.70453328  0.7068163   0.70783005
  0.70255645  0.70917618  0.70572325  0.70847191  0.70884714  0.70678762
  0.7036125   0.70821696  0.70773526  0.70873214  0.70813948  0.70609082
  0.70693571  0.70786546  0.70646212  0.70534415  0.70602797  0.70995776
  0.70898059  0.70582443  0.70484688  0.7085326   0.71040844  0.70961185
  0.7055681   0.70582386  0.70491242  0.70590987  0.70951934  0.70658295
  0.70783768  0.70866441  0.70764793  0.71314369  0.70712389  0.707783
  0.70800765  0.70492315  0.70331546  0.70683738  0.7062415   0.71094977
  0.71048424  0.70618871  0.70893997  0.70798022  0.7081209   0.70819764
  0.70710464  0.71011224  0.70903726  0.70886816  0.70888544  0.70426535
  0.70731997  0.70707683  0.70954251  0.70377734  0.70734587  0.70913261
  0.70906891  0.70661125  0.70680573  0.70201477  0.70719921  0.70770676
  0.71127269  0.70759076  0.71248853  0.70674699  0.70865694  0.70945136
  0.70301001  0.7074099   0.7085694   0.70644289  0.70651468  0.70306534
  0.7067033   0.70721874  0.70630498  0.70751453  0.70745571  0.70798378
  0.70372745  0.70725685  0.70559942  0.70467905  0.71120517  0.70761847
  0.70675847  0.70372753  0.70995244  0.70969353  0.7064263   0.70774769
  0.70952328  0.71034064  0.70830804  0.70809743  0.71126999  0.70970765
  0.70595912  0.70785474  0.7086335   0.70327074  0.70531058  0.70669885
  0.70840431  0.70985053  0.70750247  0.7086622   0.70702295  0.71068871
  0.70424849  0.71152066  0.70495711  0.70634508  0.70623565  0.71235765
  0.70683443  0.70411837  0.70877893  0.70751123  0.70656627  0.70517194
  0.71157576  0.70453693  0.71360382  0.70424498  0.70616393  0.7039472
  0.70594226  0.70791523  0.70688081  0.70659125  0.70766085  0.7111501
  0.70389303  0.71312292  0.71077391  0.70629295  0.70598912  0.70694267
  0.70631227  0.70632071  0.70585975  0.70742279  0.7046211   0.70541022
  0.70628664  0.70424793  0.71170598  0.71113812  0.70914429  0.70753404
  0.70775641  0.70860026  0.703853    0.70715768  0.70500143  0.70792238
  0.70762931  0.71298056  0.70842191  0.70538476  0.70788938  0.71051598
  0.70120648  0.71061048  0.70867276  0.70533325  0.7057462   0.70701685
  0.70622275  0.7053892   0.70761137  0.70609157  0.70715102  0.70506739
  0.70881488  0.70743527  0.70738393  0.70304153  0.70693187  0.70635371
  0.71195107  0.7098106   0.70767627  0.70950131  0.70998508  0.70820713
  0.70802796  0.70864247  0.7044339   0.70830548  0.70732744  0.71056465
  0.71142789  0.70799715  0.71184693  0.70869293  0.71123566  0.70635321
  0.71096103  0.70776928  0.70365904  0.70915628  0.70297888  0.71320808
  0.70919918  0.7070497   0.70940145  0.70524515  0.70848734  0.70747269
  0.70665792  0.70352879  0.70662822  0.70508836  0.70801559  0.70453966
  0.70710485  0.71016785  0.70642353  0.70539196  0.70938261  0.708411
  0.70984004  0.70881898  0.70775703  0.70464465  0.7073468   0.70564889
  0.70815661  0.70706339  0.7099893   0.7074224   0.70889992  0.70672917
  0.70645425  0.71185104  0.70590718  0.70712861  0.70913697  0.70473574
  0.70966919  0.70656214  0.70916597  0.70904816  0.70627088  0.71316848
  0.70755452  0.70982368  0.7145391   0.70912654]

Running times: 
[0.004528999328613281, 0.007745981216430664, 0.007108926773071289, 0.010338783264160156, 0.013627052307128906, 0.016624927520751953, 0.02115011215209961, 0.023025035858154297, 0.02572917938232422, 0.028373003005981445, 0.024316072463989258, 0.03258013725280762, 0.03665804862976074, 0.03535890579223633, 0.03390908241271973, 0.035369157791137695, 0.038475990295410156, 0.03724408149719238, 0.03377199172973633, 0.03011798858642578, 0.02663588523864746, 0.026968002319335938, 0.038336992263793945, 0.04064202308654785, 0.04015803337097168, 0.035964012145996094, 0.04318499565124512, 0.04975485801696777, 0.03174710273742676, 0.027771949768066406, 0.031395912170410156, 0.03872489929199219, 0.03272390365600586, 0.029633045196533203, 0.03171992301940918, 0.023921966552734375, 0.020953893661499023, 0.03324007987976074, 0.0415349006652832, 0.03137612342834473, 0.041236162185668945, 0.03376412391662598, 0.02644801139831543, 0.037847042083740234, 0.036054134368896484, 0.03364920616149902, 0.03075098991394043, 0.03240394592285156, 0.037213802337646484, 0.03351593017578125, 0.029124021530151367, 0.023079872131347656, 0.033724069595336914, 0.0427851676940918, 0.017962932586669922, 0.024518966674804688, 0.02633500099182129, 0.026791810989379883, 0.028338909149169922, 0.030579090118408203, 0.03527092933654785, 0.037976980209350586, 0.03768110275268555, 0.03612780570983887, 0.03246617317199707, 0.039008140563964844, 0.03637194633483887, 0.03774714469909668, 0.035119056701660156, 0.038847923278808594, 0.029861927032470703, 0.03932690620422363, 0.03760099411010742, 0.039193153381347656, 0.027345895767211914, 0.0392301082611084, 0.02912592887878418, 0.03422713279724121, 0.03285384178161621, 0.029510974884033203, 0.04142904281616211, 0.03699207305908203, 0.037400007247924805, 0.03343915939331055, 0.03118586540222168, 0.02841782569885254, 0.028404951095581055, 0.027010202407836914, 0.02660202980041504, 0.04105496406555176, 0.03565788269042969, 0.024916887283325195, 0.0444788932800293, 0.03624415397644043, 0.042984962463378906, 0.037992000579833984, 0.04074406623840332, 0.03543877601623535, 0.03577995300292969, 0.03582406044006348, 0.03683590888977051, 0.034353017807006836, 0.02644801139831543, 0.0343930721282959, 0.04051804542541504, 0.019989013671875, 0.024770021438598633, 0.029613971710205078, 0.022975921630859375, 0.032215118408203125, 0.02894115447998047, 0.028578996658325195, 0.03214406967163086, 0.037596940994262695, 0.026841163635253906, 0.027142047882080078, 0.03663492202758789, 0.033651113510131836, 0.03299999237060547, 0.03153514862060547, 0.0244901180267334, 0.031235218048095703, 0.021336078643798828, 0.035498857498168945, 0.04760098457336426, 0.0351719856262207, 0.03374886512756348, 0.025768041610717773, 0.02955794334411621, 0.02583599090576172, 0.029185056686401367, 0.040177106857299805, 0.03414607048034668, 0.03418993949890137, 0.03320598602294922, 0.03444981575012207, 0.028374910354614258, 0.03492999076843262, 0.03536677360534668, 0.03532004356384277, 0.03879380226135254, 0.028403043746948242, 0.031155109405517578, 0.028098106384277344, 0.039617061614990234, 0.033277034759521484, 0.02802300453186035, 0.02997112274169922, 0.031137943267822266, 0.02634716033935547, 0.03200697898864746, 0.036273956298828125, 0.03531908988952637, 0.031392812728881836, 0.03371906280517578, 0.03354287147521973, 0.028280973434448242, 0.02888202667236328, 0.03105783462524414, 0.03886699676513672, 0.03654789924621582, 0.03373908996582031, 0.025450944900512695, 0.030611038208007812, 0.031649112701416016, 0.04416179656982422, 0.03426980972290039, 0.03557109832763672, 0.026109933853149414, 0.028625965118408203, 0.01879096031188965, 0.028301000595092773, 0.03147578239440918, 0.031491994857788086, 0.026231050491333008, 0.023169994354248047, 0.0284121036529541, 0.026640892028808594, 0.0348658561706543, 0.036253929138183594, 0.03041815757751465, 0.030251026153564453, 0.03769183158874512, 0.03362894058227539, 0.027801990509033203, 0.0267789363861084, 0.021667003631591797, 0.036746978759765625, 0.03079700469970703, 0.03735995292663574, 0.0453038215637207, 0.039277076721191406, 0.032097816467285156, 0.03388690948486328, 0.03364706039428711, 0.027868032455444336, 0.03706693649291992, 0.023272991180419922, 0.0211489200592041, 0.0374300479888916, 0.03478598594665527, 0.028675079345703125, 0.02436995506286621, 0.029640913009643555, 0.026529788970947266, 0.026489973068237305, 0.04369711875915527, 0.033251047134399414, 0.03578805923461914, 0.0317840576171875, 0.028861045837402344, 0.025751829147338867, 0.024520158767700195, 0.03005814552307129, 0.036437034606933594, 0.0294950008392334, 0.03000020980834961, 0.026803970336914062, 0.022877931594848633, 0.0399630069732666, 0.026504039764404297, 0.029343128204345703, 0.03530621528625488, 0.03423881530761719, 0.027801990509033203, 0.0334010124206543, 0.040917158126831055, 0.03076004981994629, 0.029783964157104492, 0.03488898277282715, 0.03143787384033203, 0.037889957427978516, 0.04157400131225586, 0.03750300407409668, 0.0482640266418457, 0.035806894302368164, 0.02914595603942871, 0.027022838592529297, 0.0446009635925293, 0.04438495635986328, 0.03650689125061035, 0.04175901412963867, 0.031761884689331055, 0.033258914947509766, 0.03597211837768555, 0.027331113815307617, 0.017451047897338867, 0.026251792907714844, 0.030237913131713867, 0.03490710258483887, 0.027347087860107422, 0.04986310005187988, 0.03431510925292969, 0.037139892578125, 0.02837514877319336, 0.036303043365478516, 0.024348020553588867, 0.02795100212097168, 0.021059036254882812, 0.02490997314453125, 0.03391289710998535, 0.0402829647064209, 0.033493995666503906, 0.031129837036132812, 0.028310060501098633, 0.03656721115112305, 0.030473947525024414, 0.03459811210632324, 0.03838181495666504, 0.035880088806152344, 0.03255200386047363, 0.03373003005981445, 0.03442502021789551, 0.03125, 0.0405421257019043, 0.03587794303894043, 0.0377199649810791, 0.036894798278808594, 0.024717092514038086, 0.0400090217590332, 0.04263591766357422, 0.04048609733581543, 0.045500993728637695, 0.0223238468170166, 0.028403043746948242, 0.03501296043395996, 0.03067183494567871, 0.04870104789733887, 0.031041860580444336, 0.023905038833618164, 0.031013965606689453, 0.028892993927001953, 0.040332794189453125, 0.03713107109069824, 0.03397107124328613, 0.0351870059967041, 0.036303043365478516, 0.02349996566772461]