*********** Attributes (6-7) **********

Train errors: 
[ 0.73090734  0.72765526  0.7258255   0.72511622  0.72473425  0.72813785
  0.72382476  0.72874152  0.72596383  0.72294948  0.72521393  0.72392241
  0.72643763  0.73000319  0.72610684  0.72919132  0.72744894  0.72961893
  0.7272458   0.72842712  0.72725917  0.72713218  0.72822378  0.72769559
  0.72555478  0.72881509  0.727882    0.72590176  0.72741879  0.72520674
  0.72747677  0.72476837  0.7253208   0.73058458  0.73112106  0.72934571
  0.72821021  0.72556841  0.72814327  0.72605264  0.72373129  0.7289789
  0.72436734  0.72564039  0.72529244  0.72425293  0.72535603  0.72605784
  0.72678891  0.72775328  0.72381052  0.72537023  0.7261533   0.72384948
  0.72677015  0.72888596  0.72727521  0.72536698  0.72565215  0.72463083
  0.72519392  0.72801147  0.72682373  0.72473762  0.72538299  0.72779373
  0.72687476  0.72470022  0.72723256  0.72707196  0.72741856  0.72561731
  0.72523714  0.72632007  0.73094364  0.72667122  0.72690556  0.72853187
  0.7275326   0.72834663  0.72890694  0.72986838  0.72471803  0.72528048
  0.72294522  0.72538646  0.72872354  0.72352664  0.72930673  0.72459821
  0.72717556  0.72603546  0.72663344  0.72388798  0.72760133  0.72526639
  0.72756931  0.72607899  0.72758053  0.72483999  0.72484973  0.7270891
  0.72521581  0.7228972   0.72954789  0.72645268  0.7274956   0.72766408
  0.7262508   0.7291743   0.7273756   0.72875683  0.72763353  0.72930288
  0.72518321  0.72820636  0.72540492  0.72512091  0.72566405  0.72519522
  0.72840974  0.72618695  0.72655854  0.72913195  0.72808785  0.72425641
  0.72522621  0.72770555  0.72539458  0.72206569  0.7245401   0.72591067
  0.72641497  0.7273099   0.72611345  0.7269452   0.72550098  0.72624375
  0.72855498  0.72524304  0.72540217  0.72459147  0.72610452  0.72425952
  0.72621494  0.72977922  0.72496428  0.723496    0.7239176   0.72614654
  0.72613182  0.7266131   0.72400947  0.72795573  0.72733802  0.72448145
  0.72630774  0.72313843  0.73046679  0.72709088  0.72457947  0.72558053
  0.72864391  0.72707843  0.72490008  0.7251088   0.72653962  0.72476571
  0.72925019  0.7243862   0.72545948  0.73414853  0.73169906  0.72328005
  0.72600035  0.72768793  0.72691743  0.72899174  0.72765629  0.72912764
  0.72833496  0.72665695  0.72671535  0.72416487  0.7277149   0.72843462
  0.72658299  0.73196375  0.72435767  0.72770277  0.72630895  0.72596618
  0.72850195  0.72761866  0.73099353  0.72692045  0.72811453  0.72389174
  0.72601106  0.72385269  0.72447607  0.72550437  0.72487969  0.72770288
  0.72444238  0.72687806  0.73067161  0.72507522  0.72766718  0.72467543
  0.72797891  0.72551631  0.72669697  0.7266293   0.72774137  0.72781852
  0.72891434  0.72830255  0.72693322  0.72778389  0.72778223  0.72679444
  0.72396241  0.72649737  0.72532486  0.72882052  0.72754088  0.72844005
  0.72738927  0.72546876  0.72577909  0.72517688  0.72693121  0.7279445
  0.7272982   0.72610703  0.72595869  0.72787653  0.7289094   0.72388926
  0.72463904  0.7252998   0.72866191  0.72565692  0.7259189   0.72625133
  0.72636318  0.72711061  0.72754306  0.7210747   0.72780322  0.72664894
  0.7271481   0.72648046  0.72506118  0.72827518  0.72608434  0.72616095
  0.72537317  0.72469262  0.72900478  0.72751305  0.7264395   0.72482691
  0.72951586  0.72780316  0.72583856  0.72868056  0.72791863  0.72806179
  0.72811619  0.72602381  0.72535224  0.72902311  0.72668541  0.72582962
  0.72584094  0.72931453  0.72587806  0.72634831  0.7275733   0.72572558
  0.7277886   0.72455528  0.72527191  0.72650055  0.72955987  0.72788737
  0.72518818  0.72867942  0.72480506  0.7290735   0.72564191  0.72828657
  0.72911957  0.72906272  0.72364692  0.72722131]

Test errors: 
[ 0.74454615  0.74102578  0.74492961  0.74456358  0.74050078  0.74508652
  0.73920801  0.74513975  0.73956     0.74076906  0.74444491  0.74279941
  0.7438987   0.74401807  0.74170498  0.74352405  0.74202939  0.74609685
  0.74280018  0.74279907  0.74515836  0.74294501  0.73939219  0.74513242
  0.74209528  0.7468472   0.74581874  0.74177225  0.74597593  0.73948424
  0.74476029  0.74140512  0.74116023  0.74576161  0.74383907  0.7474559
  0.74167393  0.74375312  0.74615349  0.74401864  0.73994083  0.74224235
  0.73752737  0.7396201   0.74253851  0.73995969  0.74219039  0.74338188
  0.7437022   0.74152114  0.73917764  0.74171471  0.74495513  0.73579688
  0.74344568  0.74345905  0.74049176  0.74152415  0.74155691  0.73999747
  0.73970643  0.74089012  0.74424123  0.74259989  0.74010304  0.74265123
  0.74319623  0.73912766  0.74735212  0.74473998  0.74541303  0.741523
  0.74233009  0.74227117  0.74642646  0.74080753  0.74736009  0.74337564
  0.74609747  0.74334845  0.74263464  0.74409477  0.74169577  0.74402359
  0.7362155   0.74044293  0.74629664  0.74064247  0.74880487  0.73772809
  0.74631141  0.74086358  0.74451434  0.74065507  0.73967966  0.74265325
  0.74669385  0.74124513  0.74110165  0.73995633  0.74375122  0.74248757
  0.74192205  0.73939524  0.74606854  0.73886648  0.74453166  0.74498012
  0.74252719  0.74435612  0.74177065  0.74292727  0.7443859   0.74371277
  0.74305389  0.74591431  0.73866849  0.74082932  0.74173349  0.74178294
  0.74315257  0.74185003  0.74461023  0.74428968  0.74426653  0.74029439
  0.74105016  0.74052172  0.74234345  0.73788305  0.74269772  0.7407459
  0.7408653   0.74474884  0.74170189  0.74258757  0.74310729  0.74171961
  0.7456684   0.7389814   0.74196877  0.74099324  0.74427079  0.73949665
  0.74363894  0.74237084  0.7385439   0.74184745  0.7408875   0.73933092
  0.74502692  0.7399865   0.74045879  0.74204237  0.74073024  0.73924005
  0.74130144  0.74070235  0.74761367  0.74296713  0.73920018  0.7437614
  0.74821013  0.74481284  0.74065702  0.73955802  0.73842825  0.73744645
  0.74651783  0.7359024   0.74254982  0.74889833  0.74637902  0.73576122
  0.73848897  0.74527592  0.74240189  0.74324394  0.74298471  0.74425967
  0.74212341  0.74112595  0.73991896  0.74377396  0.74080445  0.74656603
  0.74144337  0.74410345  0.74474046  0.7424428   0.74195181  0.74263473
  0.73914849  0.74352226  0.74787169  0.74443664  0.74971927  0.74214483
  0.74197473  0.74115943  0.73751298  0.74242858  0.74291076  0.74565981
  0.74145263  0.74480407  0.75146112  0.73978995  0.74645767  0.74236722
  0.7418946   0.74075953  0.74336166  0.7423993   0.74399525  0.74306552
  0.74210154  0.74163589  0.74585965  0.73869891  0.74569128  0.74333091
  0.73899671  0.74133395  0.74119523  0.74593555  0.74213231  0.74206165
  0.74359342  0.74124781  0.74250284  0.73954362  0.74476291  0.74734239
  0.74362222  0.74517363  0.74004662  0.74126303  0.74426249  0.73822215
  0.74177706  0.73774891  0.74423235  0.74522053  0.74697248  0.74179661
  0.7391602   0.74344223  0.7477963   0.73906153  0.74402918  0.74090007
  0.74234053  0.74088263  0.74475632  0.74504205  0.74040331  0.73819562
  0.74056005  0.73880889  0.74482419  0.74220155  0.73943218  0.7382766
  0.74200676  0.7436323   0.7430744   0.74119148  0.74438916  0.74538704
  0.74789179  0.74345685  0.74178892  0.74178881  0.74090393  0.74250488
  0.7414319   0.74341363  0.74343231  0.74193948  0.74216281  0.739364
  0.73898478  0.7392314   0.73969887  0.74448732  0.743208    0.74073518
  0.74248652  0.74453036  0.73967131  0.74610126  0.74135218  0.74928645
  0.74475837  0.74806196  0.738198    0.74501213]

Running times: 
[0.007704973220825195, 0.010891914367675781, 0.014657020568847656, 0.01931905746459961, 0.020933151245117188, 0.02483201026916504, 0.028424978256225586, 0.02690601348876953, 0.028110027313232422, 0.037609100341796875, 0.03366589546203613, 0.040969133377075195, 0.04319906234741211, 0.04329490661621094, 0.03891301155090332, 0.041558027267456055, 0.029829025268554688, 0.04474210739135742, 0.042945146560668945, 0.03246188163757324, 0.04683399200439453, 0.04121899604797363, 0.06295895576477051, 0.050089120864868164, 0.04005908966064453, 0.04429793357849121, 0.03182506561279297, 0.053462982177734375, 0.03959298133850098, 0.041378021240234375, 0.044242143630981445, 0.03234291076660156, 0.0401759147644043, 0.05667304992675781, 0.03449892997741699, 0.04341697692871094, 0.04698491096496582, 0.034338951110839844, 0.03794097900390625, 0.03160500526428223, 0.03737020492553711, 0.04758596420288086, 0.02756190299987793, 0.03951406478881836, 0.040164947509765625, 0.031996965408325195, 0.03443789482116699, 0.04475903511047363, 0.046350955963134766, 0.03871893882751465, 0.043289899826049805, 0.04093599319458008, 0.041780948638916016, 0.0352630615234375, 0.030792951583862305, 0.04412198066711426, 0.061858177185058594, 0.050827980041503906, 0.04929804801940918, 0.04234194755554199, 0.03534293174743652, 0.04337811470031738, 0.041445016860961914, 0.03488898277282715, 0.03704190254211426, 0.03383803367614746, 0.041687965393066406, 0.046705007553100586, 0.04706621170043945, 0.05136299133300781, 0.047302961349487305, 0.052459001541137695, 0.04557299613952637, 0.03522992134094238, 0.02631998062133789, 0.03636479377746582, 0.037602901458740234, 0.032028913497924805, 0.02903604507446289, 0.04271388053894043, 0.04051399230957031, 0.05775713920593262, 0.03618216514587402, 0.03230404853820801, 0.03918910026550293, 0.04100489616394043, 0.03999805450439453, 0.03765988349914551, 0.034802913665771484, 0.03214716911315918, 0.031664133071899414, 0.038266897201538086, 0.03719282150268555, 0.03611612319946289, 0.027894020080566406, 0.03745412826538086, 0.03261518478393555, 0.04056596755981445, 0.03796195983886719, 0.04108786582946777, 0.041944026947021484, 0.04029393196105957, 0.04774284362792969, 0.033814191818237305, 0.035035133361816406, 0.052796125411987305, 0.044029951095581055, 0.03882598876953125, 0.05371999740600586, 0.03899407386779785, 0.0361020565032959, 0.034152984619140625, 0.04658913612365723, 0.0471038818359375, 0.03708696365356445, 0.03831195831298828, 0.03334403038024902, 0.03727602958679199, 0.042581796646118164, 0.03990793228149414, 0.036025047302246094, 0.033200979232788086, 0.0373539924621582, 0.045349836349487305, 0.04280900955200195, 0.04165291786193848, 0.03995490074157715, 0.04759788513183594, 0.036653995513916016, 0.045519113540649414, 0.05044817924499512, 0.041522979736328125, 0.02863597869873047, 0.05173802375793457, 0.03527092933654785, 0.037223100662231445, 0.03814506530761719, 0.04375100135803223, 0.0438840389251709, 0.03715205192565918, 0.03888201713562012, 0.030389070510864258, 0.04797220230102539, 0.04990410804748535, 0.042411088943481445, 0.046267032623291016, 0.04789900779724121, 0.047631025314331055, 0.03783988952636719, 0.026885986328125, 0.04996991157531738, 0.026936054229736328, 0.04424595832824707, 0.03895282745361328, 0.05731320381164551, 0.057734012603759766, 0.047483205795288086, 0.05884099006652832, 0.03486013412475586, 0.03972005844116211, 0.04295706748962402, 0.03507709503173828, 0.04770493507385254, 0.05129384994506836, 0.044058799743652344, 0.05439901351928711, 0.04030799865722656, 0.043641090393066406, 0.03735995292663574, 0.054872989654541016, 0.04225587844848633, 0.035771846771240234, 0.03948807716369629, 0.034111976623535156, 0.027820825576782227, 0.04016995429992676, 0.03780198097229004, 0.041352033615112305, 0.03706002235412598, 0.045742034912109375, 0.04267096519470215, 0.03801918029785156, 0.05310797691345215, 0.047209978103637695, 0.05272412300109863, 0.04575514793395996, 0.0631871223449707, 0.04612398147583008, 0.05002903938293457, 0.048158884048461914, 0.047248125076293945, 0.040409088134765625, 0.040704965591430664, 0.048002004623413086, 0.05294919013977051, 0.04800295829772949, 0.040264129638671875, 0.03655886650085449, 0.0557100772857666, 0.04252195358276367, 0.04383492469787598, 0.03635001182556152, 0.03319907188415527, 0.030548095703125, 0.051119089126586914, 0.047490835189819336, 0.03529691696166992, 0.04455995559692383, 0.0387270450592041, 0.03586101531982422, 0.04081892967224121, 0.047760009765625, 0.03854179382324219, 0.04115486145019531, 0.04708981513977051, 0.03814101219177246, 0.052047014236450195, 0.04607105255126953, 0.03689098358154297, 0.0429229736328125, 0.027844905853271484, 0.04126715660095215, 0.04129600524902344, 0.04024791717529297, 0.041419029235839844, 0.047206878662109375, 0.03903794288635254, 0.04842495918273926, 0.03643012046813965, 0.05176997184753418, 0.04330182075500488, 0.04748892784118652, 0.04828500747680664, 0.042643070220947266, 0.03843808174133301, 0.04251885414123535, 0.04267692565917969, 0.0384671688079834, 0.04134392738342285, 0.0411219596862793, 0.03243088722229004, 0.03756117820739746, 0.04526209831237793, 0.0519561767578125, 0.04225802421569824, 0.04089093208312988, 0.050640106201171875, 0.03552103042602539, 0.06136298179626465, 0.04366302490234375, 0.04297900199890137, 0.035800933837890625, 0.03837299346923828, 0.04271292686462402, 0.04281902313232422, 0.04134511947631836, 0.03987908363342285, 0.045623064041137695, 0.03498101234436035, 0.03595614433288574, 0.03243684768676758, 0.043347835540771484, 0.03288888931274414, 0.03889179229736328, 0.044677019119262695, 0.03316092491149902, 0.05464506149291992, 0.0559229850769043, 0.045903921127319336, 0.04682493209838867, 0.044209957122802734, 0.041723012924194336, 0.04455709457397461, 0.03522896766662598, 0.046672821044921875, 0.038902997970581055, 0.03171205520629883, 0.041330814361572266, 0.04809212684631348, 0.04124188423156738, 0.03673887252807617, 0.04306507110595703, 0.041780948638916016, 0.04043984413146973, 0.04163193702697754, 0.04192996025085449, 0.03268289566040039, 0.04506707191467285, 0.039721012115478516, 0.04398393630981445, 0.04775881767272949, 0.03562211990356445, 0.03685784339904785, 0.036193132400512695, 0.050630807876586914, 0.052304983139038086, 0.0394589900970459, 0.04655718803405762]