*********** Attributes (0-11) **********

Train errors: 
[ 0.59436443  0.55384735  0.55928821  0.56296476  0.55090129  0.54465983
  0.5391335   0.54360401  0.54678994  0.53678842  0.53640409  0.5442862
  0.5298739   0.52365338  0.52870215  0.54559679  0.52853478  0.51620152
  0.53445587  0.5243789   0.52758829  0.5369569   0.52471381  0.51955483
  0.53134021  0.52244119  0.5315149   0.51914199  0.52561626  0.51528953
  0.51473508  0.5353842   0.53678032  0.52425839  0.52281963  0.53290653
  0.51748883  0.52839187  0.53449798  0.51696305  0.526367    0.51800468
  0.52815782  0.51371029  0.53272125  0.52653406  0.54636553  0.52546973
  0.53058933  0.52285988  0.53414241  0.52749666  0.53244749  0.52732184
  0.52533063  0.52326034  0.53676299  0.52195312  0.52331976  0.51922967
  0.52292142  0.5301189   0.52772967  0.51438611  0.52879496  0.52133566
  0.51404002  0.52956414  0.52815529  0.53711523  0.52521658  0.52242706
  0.51988694  0.52666484  0.52423536  0.5213884   0.52853083  0.52594021
  0.52760152  0.53578217  0.52952273  0.53006544  0.52090634  0.52622951
  0.52766596  0.52514873  0.51793682  0.52459271  0.52575829  0.52595881
  0.5169984   0.52322211  0.53788198  0.52976899  0.52847376  0.51766133
  0.52925546  0.51193095  0.52867048  0.52303426  0.53464232  0.53157329
  0.51497651  0.51917513  0.51815009  0.5284936   0.52966529  0.51827785
  0.5254965   0.52162977  0.5198371   0.52322325  0.53556122  0.52204023
  0.52948666  0.52627309  0.5248648   0.52879887  0.53429665  0.53989728
  0.53446861  0.53270374  0.52205029  0.52272129  0.51854069  0.52103133
  0.52975468  0.52748923  0.51789264  0.52404564  0.52939149  0.52380532
  0.52246518  0.52844682  0.52513596  0.52943446  0.51774315  0.50738433
  0.52712145  0.53265201  0.53704657  0.51421984  0.51734595  0.52998122
  0.52192711  0.5397994   0.51544134  0.52063034  0.52947818  0.51931315
  0.53862188  0.54269086  0.54016473  0.5149088   0.53081759  0.52634712
  0.52542539  0.52572805  0.51674872  0.52697608  0.52166425  0.52799018
  0.52543362  0.52367215  0.52049229  0.52111899  0.52928835  0.53121373
  0.52997487  0.51633304  0.53230353  0.53340483  0.52438544  0.52937962
  0.52604668  0.52258988  0.53655448  0.52656352  0.53014152  0.52502204
  0.52633362  0.52824249  0.53306842  0.53832558  0.52339881  0.52171315
  0.53393515  0.52350624  0.53069409  0.52254269  0.51674448  0.53768518
  0.54174213  0.51776968  0.53212223  0.530679    0.528261    0.53896657
  0.5405481   0.52970652  0.52420888  0.53007283  0.52948051  0.52042718
  0.52480376  0.51742283  0.52606625  0.52171923  0.51840331  0.53626934
  0.52114329  0.51323599  0.52604534  0.54172096  0.52405692  0.52963796
  0.52854889  0.52757812  0.52908978  0.52302178  0.51919823  0.53737433
  0.5277488   0.52865193  0.52876287  0.53219848  0.52349424  0.53934481
  0.52602063  0.52176448  0.51984485  0.52091978  0.54289336  0.52917093
  0.51552635  0.53484375  0.52110811  0.52622443  0.52633494  0.52203973
  0.52543935  0.51876155  0.52478385  0.52954642  0.53134364  0.52805347
  0.52349661  0.52999191  0.52804992  0.51754443  0.52339965  0.53515873
  0.53189965  0.5220584   0.51896797  0.52130905  0.52508298  0.52209226
  0.52394531  0.5220265   0.52332693  0.54495319  0.52551827  0.53345031
  0.53215772  0.53065601  0.52940174  0.5173442   0.51609507  0.53098321
  0.52388916  0.51690862  0.52293268  0.53303754  0.532726    0.52190232
  0.5254301   0.52718289  0.52571722  0.52243702  0.51228766  0.52432163
  0.53730151  0.52871215  0.51802482  0.53670336  0.53990606  0.51395546
  0.52036008  0.52525021  0.52062255  0.52406076  0.53252469  0.51921409
  0.51783665  0.53009728  0.51830587  0.52516047]

Test errors: 
[ 0.58420834  0.55137606  0.55345592  0.54874059  0.54113123  0.54068662
  0.54365077  0.54070975  0.54982599  0.52864384  0.52860705  0.53504656
  0.53476293  0.52416859  0.52297962  0.54556947  0.52690721  0.51333814
  0.53452561  0.52426712  0.52461894  0.52865468  0.51880764  0.52118
  0.52734418  0.52445662  0.52878106  0.51425273  0.52646776  0.52114344
  0.52250185  0.52596388  0.52954773  0.52167029  0.52002737  0.52521266
  0.51936192  0.52888574  0.54345513  0.51751204  0.52424846  0.52532248
  0.53573252  0.51583379  0.53167612  0.52838376  0.54153729  0.52210439
  0.53147299  0.52017202  0.52913155  0.52968612  0.53177529  0.52355613
  0.52058428  0.52574445  0.5307152   0.51974859  0.52935328  0.51865927
  0.51645219  0.52309189  0.52579022  0.52186786  0.52464751  0.5290978
  0.52244613  0.52398164  0.52543521  0.52865426  0.52752142  0.52335203
  0.51918689  0.52941799  0.53108814  0.52290419  0.52621805  0.52110585
  0.52278795  0.53660929  0.530446    0.5365005   0.5201527   0.5215085
  0.53102851  0.52828699  0.51665462  0.51651545  0.53276222  0.53027035
  0.52152669  0.5204984   0.53266358  0.52286755  0.52613843  0.52069075
  0.53038862  0.51199026  0.52386756  0.52954979  0.53330521  0.53358205
  0.52292645  0.52278026  0.52265235  0.52454328  0.52705099  0.51523178
  0.52097052  0.51854337  0.51821701  0.53315635  0.5380478   0.51992564
  0.52443767  0.52860697  0.51936497  0.52493667  0.5266846   0.54428893
  0.53586198  0.5230949   0.52333849  0.52871428  0.51822648  0.51998237
  0.5268251   0.52369648  0.52096707  0.52937263  0.52403785  0.52102638
  0.52257385  0.52922277  0.52218006  0.52767549  0.51915466  0.51390805
  0.5278965   0.5384338   0.52639645  0.51202111  0.52291999  0.53283586
  0.52371072  0.53103826  0.51438196  0.5238368   0.53008796  0.52816813
  0.53442803  0.53750081  0.53530873  0.52297612  0.53099855  0.52805814
  0.52004438  0.52452277  0.51786535  0.52412817  0.5194564   0.5255314
  0.52648832  0.53291869  0.51785288  0.52643881  0.52812083  0.52574877
  0.52527136  0.52473105  0.53823926  0.53074933  0.53094853  0.52558734
  0.52463448  0.51843292  0.54251389  0.52572571  0.53785847  0.52371441
  0.52265951  0.53142228  0.52707044  0.54015642  0.52031031  0.52526044
  0.53467438  0.52448599  0.53192003  0.52426741  0.51988848  0.53724491
  0.54881106  0.52537431  0.52568851  0.52171237  0.52957167  0.53000689
  0.53020626  0.52928805  0.52416076  0.52612911  0.51694525  0.52707389
  0.51867907  0.52780326  0.52427544  0.52162143  0.5173052   0.53458396
  0.51835016  0.51979032  0.53502995  0.53154272  0.52353249  0.52209588
  0.52615716  0.53068193  0.5247136   0.52364107  0.52010089  0.54694889
  0.52510519  0.5277515   0.53199785  0.53238519  0.52502684  0.53761057
  0.53011269  0.52544834  0.51862697  0.5250484   0.54851534  0.53272491
  0.52004499  0.536922    0.52009027  0.52109001  0.53476433  0.52452565
  0.52268482  0.51941863  0.52257049  0.52056421  0.52819819  0.5305162
  0.51744343  0.52761928  0.53628814  0.51643727  0.52774683  0.53226456
  0.52879617  0.52531051  0.52383493  0.52139796  0.52440305  0.52404361
  0.52611137  0.5183763   0.52718196  0.54777789  0.526092    0.52981682
  0.52585771  0.52811456  0.52739126  0.51865158  0.51277864  0.52429366
  0.5247508   0.52456707  0.52139365  0.53152443  0.52740563  0.5240388
  0.52429679  0.52920669  0.5234472   0.52729231  0.52036356  0.52033152
  0.52898216  0.52984283  0.52071434  0.52691209  0.53221888  0.51658535
  0.52194233  0.5210304   0.52379304  0.52764608  0.52644634  0.52018882
  0.52023408  0.53008602  0.51578505  0.52773454]

Running times: 
[0.02024078369140625, 0.025641918182373047, 0.03020191192626953, 0.04307913780212402, 0.05103492736816406, 0.051445960998535156, 0.0691530704498291, 0.09480786323547363, 0.09134793281555176, 0.08804798126220703, 0.08357405662536621, 0.09788203239440918, 0.12264394760131836, 0.11037898063659668, 0.14181208610534668, 0.13691210746765137, 0.13629484176635742, 0.14968395233154297, 0.10712599754333496, 0.16794085502624512, 0.16121602058410645, 0.19274306297302246, 0.18744993209838867, 0.19063496589660645, 0.21010303497314453, 0.2031090259552002, 0.2315518856048584, 0.2231438159942627, 0.23149800300598145, 0.2557969093322754, 0.2532660961151123, 0.24364900588989258, 0.22996091842651367, 0.2300870418548584, 0.2770650386810303, 0.29464197158813477, 0.3154640197753906, 0.2967538833618164, 0.22449707984924316, 0.2767798900604248, 0.29027414321899414, 0.30527591705322266, 0.1575789451599121, 0.15895915031433105, 0.3615150451660156, 0.20708799362182617, 0.11678910255432129, 0.266010046005249, 0.3252840042114258, 0.14418816566467285, 0.3340001106262207, 0.37797999382019043, 0.1965639591217041, 0.38613414764404297, 0.4468710422515869, 0.26215100288391113, 0.1722409725189209, 0.44933581352233887, 0.27841711044311523, 0.33947205543518066, 0.31917905807495117, 0.1819920539855957, 0.1856539249420166, 0.46709299087524414, 0.349437952041626, 0.16731500625610352, 0.2464008331298828, 0.2652599811553955, 0.43401598930358887, 0.14110898971557617, 0.1482088565826416, 0.49952101707458496, 0.19034504890441895, 0.36852312088012695, 0.5381340980529785, 0.2047100067138672, 0.17115306854248047, 0.2955760955810547, 0.1370391845703125, 0.22084712982177734, 0.29441285133361816, 0.15359115600585938, 0.3517458438873291, 0.3381209373474121, 0.44199299812316895, 0.22686004638671875, 0.30741405487060547, 0.23451590538024902, 0.2985048294067383, 0.18302202224731445, 0.6364741325378418, 0.27326297760009766, 0.1752328872680664, 0.49393796920776367, 0.4033999443054199, 0.28881096839904785, 0.19576096534729004, 0.4166259765625, 0.20728802680969238, 0.2878119945526123, 0.1805410385131836, 0.15007305145263672, 0.4178128242492676, 0.10166811943054199, 0.17992782592773438, 0.2124919891357422, 0.25304198265075684, 0.26744699478149414, 0.2764267921447754, 0.22218608856201172, 0.2253398895263672, 0.12859392166137695, 0.7747831344604492, 0.2055070400238037, 0.25548696517944336, 0.20459985733032227, 0.29167604446411133, 0.16391611099243164, 0.18755006790161133, 0.10872983932495117, 0.12900900840759277, 0.2187061309814453, 0.34142589569091797, 0.858069896697998, 0.24142122268676758, 0.2667372226715088, 0.24273109436035156, 0.19074010848999023, 0.5338070392608643, 0.7042140960693359, 0.2556769847869873, 0.26432108879089355, 0.2851111888885498, 0.16759300231933594, 0.3539729118347168, 0.2684149742126465, 0.40984296798706055, 0.42518091201782227, 0.574699878692627, 0.19138503074645996, 0.42173218727111816, 0.24279999732971191, 0.18506598472595215, 0.6423349380493164, 0.6164710521697998, 0.17422199249267578, 0.5007140636444092, 0.23126912117004395, 0.772615909576416, 0.6385359764099121, 0.1993269920349121, 0.0740809440612793, 0.5158679485321045, 0.6526448726654053, 0.1776258945465088, 0.2392590045928955, 0.19270014762878418, 0.36832308769226074, 0.31786608695983887, 0.2418828010559082, 0.23639893531799316, 0.20650696754455566, 0.7283830642700195, 0.6724698543548584, 0.28227686882019043, 0.29679298400878906, 0.507645845413208, 0.19838619232177734, 0.20743989944458008, 0.2959129810333252, 0.4529411792755127, 0.19106197357177734, 0.856072187423706, 0.1316368579864502, 0.17614197731018066, 0.17865705490112305, 1.1368730068206787, 0.5769641399383545, 1.194018840789795, 0.34711289405822754, 0.26335811614990234, 0.28400206565856934, 0.21406221389770508, 1.19455885887146, 0.26950597763061523, 0.6302230358123779, 0.17728209495544434, 0.5669310092926025, 0.418795108795166, 0.3992149829864502, 0.514732837677002, 0.5354390144348145, 1.2543761730194092, 0.23392200469970703, 0.1946110725402832, 0.1704709529876709, 0.18023085594177246, 0.20686101913452148, 0.11954808235168457, 0.45261216163635254, 0.19567084312438965, 0.3535501956939697, 0.18094897270202637, 0.36029911041259766, 0.2994260787963867, 0.4318690299987793, 0.12998104095458984, 0.2943449020385742, 0.3712451457977295, 0.16788482666015625, 0.32491302490234375, 0.4134089946746826, 1.1126408576965332, 0.20790910720825195, 0.26657581329345703, 0.12868595123291016, 0.566802978515625, 0.7042720317840576, 0.437824010848999, 0.43689393997192383, 0.21435904502868652, 1.196286916732788, 0.14653706550598145, 0.45027780532836914, 0.1371138095855713, 0.23934602737426758, 0.42925190925598145, 0.3119070529937744, 0.5869250297546387, 0.20621490478515625, 0.17676401138305664, 0.17862391471862793, 1.5326249599456787, 1.031332015991211, 0.2705080509185791, 0.21617388725280762, 0.35955309867858887, 0.2032630443572998, 0.8678991794586182, 0.707942008972168, 0.30147290229797363, 0.17478203773498535, 0.19829797744750977, 0.17879700660705566, 0.16626691818237305, 0.19904804229736328, 0.22971200942993164, 0.21151399612426758, 0.48665809631347656, 0.22056007385253906, 0.8069329261779785, 0.14055395126342773, 0.13454914093017578, 0.21592497825622559, 0.2570970058441162, 0.20508980751037598, 0.4024488925933838, 0.27899909019470215, 0.47973108291625977, 0.3854680061340332, 0.30289602279663086, 0.9484469890594482, 0.268902063369751, 0.3165750503540039, 0.33344602584838867, 0.17034697532653809, 0.22951006889343262, 0.17406392097473145, 0.22788214683532715, 0.25646114349365234, 0.6477429866790771, 0.40245890617370605, 0.19965600967407227, 0.7121288776397705, 0.3877871036529541, 0.34010791778564453, 0.3857729434967041, 0.3160409927368164, 0.23136305809020996, 0.5945558547973633, 0.4652841091156006, 0.2103281021118164, 0.21669912338256836, 0.2004070281982422, 0.32607603073120117, 0.16565489768981934, 0.09581494331359863, 0.24063396453857422, 0.2639331817626953, 0.2637290954589844, 0.36211299896240234, 0.43278002738952637, 0.16870999336242676, 0.5707437992095947, 0.47864198684692383, 0.39029884338378906, 0.2896270751953125, 0.20729398727416992]