*********** Attributes (8-9) **********

Train errors: 
[ 0.78354316  0.77561462  0.77512344  0.77959989  0.77968264  0.77818073
  0.77796826  0.77697784  0.78334898  0.78218536  0.78175748  0.7806018
  0.78218686  0.78239187  0.78147066  0.7825823   0.78395966  0.78855611
  0.78245695  0.77944679  0.78067572  0.77960732  0.78020885  0.78298851
  0.77944686  0.78045034  0.77881928  0.7813367   0.78106445  0.77875654
  0.7799501   0.78514519  0.78381775  0.77717206  0.78028206  0.78033561
  0.78105946  0.77804053  0.78433157  0.7816002   0.78545883  0.78317516
  0.78007414  0.78061232  0.77796932  0.7849164   0.77851331  0.78445189
  0.78377196  0.78209245  0.78239869  0.77889938  0.77889137  0.78159446
  0.78384708  0.78239746  0.77967335  0.77787901  0.78284705  0.78060307
  0.78557204  0.78169575  0.78235715  0.78178514  0.77964876  0.78185492
  0.7784556   0.78316337  0.78418658  0.7814958   0.78307803  0.78729084
  0.78286839  0.7805602   0.7832237   0.78063205  0.78026456  0.78183306
  0.78125399  0.77965206  0.78149685  0.78463138  0.7813295   0.78228887
  0.77925115  0.78032083  0.78423399  0.77993776  0.7821371   0.7788263
  0.78543213  0.77941464  0.78069284  0.78420931  0.78041602  0.77872421
  0.78229569  0.78430829  0.78235826  0.78444398  0.78088742  0.78432717
  0.78117341  0.78257318  0.78442653  0.78142859  0.78586099  0.78129018
  0.78538751  0.78375058  0.78100114  0.78006758  0.78066242  0.78008871
  0.78770382  0.78746453  0.78105244  0.78419678  0.78014926  0.78022114
  0.78010933  0.78375012  0.77997333  0.77932623  0.78250843  0.77943894
  0.77672571  0.78188272  0.77825541  0.78435104  0.78251666  0.78266181
  0.78141677  0.78125884  0.78246719  0.78223834  0.78108783  0.78159643
  0.78959328  0.77938899  0.78114803  0.78554649  0.78321596  0.77850909
  0.77918656  0.78089346  0.78056254  0.77985403  0.78179868  0.78079628
  0.78290317  0.78245062  0.78332598  0.78180293  0.7812489   0.78163339
  0.78239404  0.7784661   0.78282951  0.78407984  0.78447313  0.78656275
  0.78266473  0.78025957  0.78366913  0.78233099  0.7784337   0.78271646
  0.78118321  0.78453799  0.77827547  0.77986031  0.78072483  0.78293008
  0.78197715  0.78519622  0.77829436  0.79145563  0.77885396  0.77780452
  0.78171392  0.77946601  0.77729951  0.7786469   0.78025655  0.78505415
  0.77945805  0.78034485  0.78122282  0.78222058  0.78634749  0.77962338
  0.78236806  0.7775451   0.78183873  0.78132467  0.78520145  0.77873183
  0.7794997   0.78153651  0.78016347  0.78268224  0.78052367  0.78173094
  0.78385268  0.78104263  0.77749011  0.78109965  0.78018621  0.7779767
  0.77978565  0.78281545  0.78257147  0.78357269  0.78427457  0.78129979
  0.77912836  0.78154258  0.78200643  0.78043432  0.7804489   0.78032213
  0.78660883  0.78109186  0.77669148  0.77904675  0.78310403  0.78078623
  0.77922848  0.7816891   0.77764377  0.77970587  0.78157108  0.78523056
  0.78143703  0.78955436  0.78080701  0.78259861  0.78365181  0.78557979
  0.78120755  0.77970194  0.78215069  0.78594562  0.78301203  0.77711484
  0.78159868  0.78252204  0.78234938  0.78185997  0.78193293  0.78479362
  0.78274347  0.78099048  0.78299764  0.78001383  0.77987665  0.77985504
  0.78356909  0.78117766  0.78411035  0.786071    0.78597461  0.781502
  0.78138963  0.78304934  0.78239849  0.78035152  0.7826067   0.78118726
  0.7803585   0.78019291  0.78255634  0.77826626  0.7771493   0.78026795
  0.78249906  0.78052805  0.78157561  0.78551601  0.78368339  0.78059939
  0.78550776  0.78486612  0.7797895   0.77991615  0.78433926  0.78282275
  0.77815894  0.78505962  0.78393301  0.78257454  0.78257993  0.77975201
  0.78168864  0.78320373  0.78325675  0.78122018]

Test errors: 
[ 0.74827682  0.74159522  0.74525407  0.74726026  0.74624857  0.74535291
  0.74700522  0.74587376  0.74712792  0.74678298  0.74680979  0.74482425
  0.74565524  0.7488403   0.74898737  0.7460646   0.75435728  0.74890681
  0.7479686   0.75102914  0.74257674  0.74214969  0.74405245  0.74633718
  0.74425811  0.74706509  0.74360374  0.75250716  0.74680052  0.74541672
  0.74401957  0.75005181  0.74949984  0.74866682  0.74499972  0.75160085
  0.74880151  0.74322959  0.75153281  0.74957005  0.74853472  0.74743593
  0.74850537  0.7475404   0.74536486  0.74591856  0.74394109  0.75105852
  0.74699973  0.74755315  0.74869549  0.74648036  0.7482811   0.74713151
  0.74991118  0.74634211  0.74615937  0.7465725   0.74993051  0.74511252
  0.7486871   0.74959356  0.7463874   0.74348678  0.74874682  0.74259306
  0.74270052  0.74482852  0.74921567  0.74664142  0.74703488  0.7544884
  0.74884875  0.74566257  0.75057498  0.75006145  0.74352276  0.7485161
  0.74626807  0.74217542  0.74789926  0.75141916  0.74666468  0.75134489
  0.74703448  0.74704605  0.74846163  0.74670854  0.74586548  0.74291162
  0.75026404  0.74545014  0.74594826  0.74948719  0.7474925   0.74590962
  0.74811952  0.7481783   0.7535533   0.75120039  0.7513469   0.74984103
  0.74961633  0.74777959  0.75034046  0.74504557  0.75334909  0.74649852
  0.74590149  0.75115997  0.74260771  0.74633602  0.74402458  0.75152993
  0.75395703  0.74869008  0.74265037  0.74970996  0.7455244   0.74602208
  0.74960775  0.75000759  0.74564636  0.747395    0.74995643  0.74750811
  0.7459271   0.74603184  0.7486908   0.75112657  0.74738209  0.74720536
  0.74863797  0.74947626  0.75062024  0.74725507  0.75100739  0.75692816
  0.75567408  0.74742522  0.74852641  0.74952883  0.75050712  0.7477689
  0.74482347  0.75017296  0.74628485  0.74264029  0.7459742   0.74783576
  0.74773527  0.74729703  0.74951896  0.74795144  0.74450434  0.7461798
  0.75051039  0.74809324  0.7510689   0.74671074  0.75073579  0.74784407
  0.75018221  0.74799666  0.74616708  0.74877833  0.74340074  0.75261383
  0.74757139  0.74926039  0.74238027  0.74722551  0.75072316  0.74561226
  0.74577537  0.75059495  0.7491356   0.75387449  0.74697463  0.74389542
  0.74828651  0.74547005  0.74164489  0.74409689  0.74767745  0.7522841
  0.74750382  0.74314785  0.74754274  0.74829957  0.74833978  0.74857453
  0.75364035  0.74247663  0.74691944  0.74575059  0.74720243  0.74887232
  0.74654294  0.74962886  0.74867534  0.7477876   0.74581168  0.74537281
  0.74732373  0.7485668   0.74497582  0.74342762  0.74627797  0.74200381
  0.74834188  0.74953536  0.74862643  0.74866203  0.75338718  0.74489659
  0.74240261  0.74690566  0.74663375  0.7454521   0.74562033  0.74734477
  0.74765512  0.74870238  0.74738427  0.74218162  0.74847099  0.74679175
  0.74849952  0.7487313   0.74470442  0.75143477  0.74594354  0.74969879
  0.74721298  0.75267288  0.74368082  0.7452681   0.74906001  0.74607027
  0.74687892  0.7444099   0.75052778  0.75056451  0.74712573  0.74592456
  0.74724794  0.74760248  0.74541287  0.74449894  0.74795199  0.74831273
  0.74552797  0.74653314  0.74975619  0.7477512   0.74565273  0.74426344
  0.75049122  0.74778236  0.74432152  0.7486159   0.74798302  0.7517946
  0.74790815  0.74754071  0.751197    0.74840679  0.74882661  0.74373558
  0.75075234  0.74673076  0.75173185  0.74547595  0.74276662  0.74968617
  0.74647185  0.74554433  0.74808612  0.74656146  0.74499449  0.74413159
  0.74973063  0.74999177  0.74308865  0.74396331  0.74719526  0.75368495
  0.7458207   0.74732311  0.74896462  0.7508081   0.74575902  0.74682436
  0.74911747  0.74838738  0.7479644   0.74575989]

Running times: 
[0.006067991256713867, 0.008638858795166016, 0.012174129486083984, 0.011060953140258789, 0.017235994338989258, 0.0199739933013916, 0.020979881286621094, 0.025992155075073242, 0.02643609046936035, 0.02715301513671875, 0.030328989028930664, 0.037461042404174805, 0.03433084487915039, 0.03586220741271973, 0.03835916519165039, 0.04194498062133789, 0.029259920120239258, 0.023392915725708008, 0.026983976364135742, 0.03409099578857422, 0.032910823822021484, 0.03185606002807617, 0.02643108367919922, 0.03951692581176758, 0.03687000274658203, 0.03105902671813965, 0.03233814239501953, 0.03360795974731445, 0.030256032943725586, 0.03961801528930664, 0.031857967376708984, 0.04858899116516113, 0.04353594779968262, 0.0361180305480957, 0.024221181869506836, 0.032076120376586914, 0.04272580146789551, 0.032048940658569336, 0.03200411796569824, 0.05228018760681152, 0.04283499717712402, 0.0393369197845459, 0.030169963836669922, 0.022231101989746094, 0.03171586990356445, 0.0299379825592041, 0.030645132064819336, 0.028003931045532227, 0.05740094184875488, 0.035408973693847656, 0.03446197509765625, 0.04224896430969238, 0.03230690956115723, 0.03136396408081055, 0.029256105422973633, 0.05004692077636719, 0.033429861068725586, 0.0407099723815918, 0.03456902503967285, 0.04103708267211914, 0.04365205764770508, 0.03317713737487793, 0.02669501304626465, 0.04024505615234375, 0.02598404884338379, 0.034655094146728516, 0.031089067459106445, 0.02964186668395996, 0.029059886932373047, 0.021119117736816406, 0.024972915649414062, 0.031129121780395508, 0.03424811363220215, 0.03193187713623047, 0.03330111503601074, 0.03720402717590332, 0.03141498565673828, 0.03553414344787598, 0.04316592216491699, 0.03877997398376465, 0.027025938034057617, 0.04500293731689453, 0.038864850997924805, 0.03154802322387695, 0.03378486633300781, 0.025329113006591797, 0.033769845962524414, 0.04383492469787598, 0.02130603790283203, 0.03559303283691406, 0.05985093116760254, 0.035166025161743164, 0.04291701316833496, 0.04517078399658203, 0.04615592956542969, 0.037557125091552734, 0.03160810470581055, 0.04289603233337402, 0.03857612609863281, 0.044319868087768555, 0.028567075729370117, 0.02198195457458496, 0.0487980842590332, 0.033757925033569336, 0.03506898880004883, 0.04039502143859863, 0.04819202423095703, 0.05546307563781738, 0.04931187629699707, 0.04312896728515625, 0.03132486343383789, 0.02892589569091797, 0.033854007720947266, 0.03817296028137207, 0.04434609413146973, 0.049890995025634766, 0.03765296936035156, 0.049497127532958984, 0.04167318344116211, 0.033596038818359375, 0.03344106674194336, 0.049005985260009766, 0.05815696716308594, 0.042675018310546875, 0.04038119316101074, 0.046929121017456055, 0.04885601997375488, 0.040205955505371094, 0.03535890579223633, 0.04170680046081543, 0.039311885833740234, 0.02951502799987793, 0.031929969787597656, 0.03079700469970703, 0.037322998046875, 0.03869819641113281, 0.034088850021362305, 0.03262495994567871, 0.033843994140625, 0.025545835494995117, 0.037123918533325195, 0.03165602684020996, 0.027246952056884766, 0.029484033584594727, 0.04012298583984375, 0.027575969696044922, 0.02964186668395996, 0.027067899703979492, 0.03728890419006348, 0.045903921127319336, 0.03069305419921875, 0.03307700157165527, 0.02382493019104004, 0.035240888595581055, 0.02499699592590332, 0.028023958206176758, 0.038184165954589844, 0.02353501319885254, 0.04860711097717285, 0.028358936309814453, 0.027001142501831055, 0.04021883010864258, 0.0484929084777832, 0.031577110290527344, 0.04625296592712402, 0.03618597984313965, 0.0421600341796875, 0.03617596626281738, 0.03329205513000488, 0.04018878936767578, 0.04086613655090332, 0.03283405303955078, 0.03174304962158203, 0.03773903846740723, 0.03746294975280762, 0.03499293327331543, 0.04108595848083496, 0.03904318809509277, 0.04034781455993652, 0.04010796546936035, 0.03192782402038574, 0.043847084045410156, 0.04893088340759277, 0.0400691032409668, 0.034258127212524414, 0.034043073654174805, 0.04797196388244629, 0.03998994827270508, 0.04616999626159668, 0.03765392303466797, 0.031436920166015625, 0.02525019645690918, 0.03391289710998535, 0.03814506530761719, 0.037713050842285156, 0.03036212921142578, 0.026916980743408203, 0.042474985122680664, 0.03984498977661133, 0.04126787185668945, 0.050102949142456055, 0.02923417091369629, 0.03826403617858887, 0.046009063720703125, 0.05698704719543457, 0.03798794746398926, 0.041665077209472656, 0.03021383285522461, 0.04524397850036621, 0.03989815711975098, 0.04089188575744629, 0.02999401092529297, 0.0352780818939209, 0.031848907470703125, 0.03510880470275879, 0.028769969940185547, 0.02969193458557129, 0.03537392616271973, 0.029555082321166992, 0.023482084274291992, 0.038645029067993164, 0.04454684257507324, 0.032792091369628906, 0.033789873123168945, 0.028690099716186523, 0.025769948959350586, 0.0417330265045166, 0.02388596534729004, 0.0395050048828125, 0.03548407554626465, 0.039175987243652344, 0.023843050003051758, 0.03614616394042969, 0.03601813316345215, 0.03981208801269531, 0.04189300537109375, 0.04335618019104004, 0.04064583778381348, 0.0486750602722168, 0.023744821548461914, 0.03216409683227539, 0.03004908561706543, 0.03769397735595703, 0.04030203819274902, 0.028599977493286133, 0.02788686752319336, 0.04604482650756836, 0.03969717025756836, 0.038414955139160156, 0.04492688179016113, 0.029043197631835938, 0.04637002944946289, 0.04416513442993164, 0.045577049255371094, 0.03164505958557129, 0.030678987503051758, 0.02216196060180664, 0.0363612174987793, 0.028168916702270508, 0.028137922286987305, 0.03131413459777832, 0.03857016563415527, 0.025637149810791016, 0.034072160720825195, 0.047070980072021484, 0.028072118759155273, 0.03253293037414551, 0.04003405570983887, 0.03679394721984863, 0.03448891639709473, 0.03802800178527832, 0.036160945892333984, 0.035323143005371094, 0.04309701919555664, 0.038932085037231445, 0.025941848754882812, 0.025322914123535156, 0.037901878356933594, 0.02736210823059082, 0.030416011810302734, 0.03413105010986328, 0.034288883209228516, 0.031026124954223633, 0.036667823791503906, 0.030688047409057617, 0.04392695426940918, 0.038745880126953125, 0.031831979751586914, 0.02788400650024414, 0.030518054962158203, 0.03375697135925293, 0.0461430549621582, 0.027227163314819336, 0.03470802307128906, 0.04533195495605469, 0.03691411018371582, 0.04950594902038574, 0.02903890609741211]