*********** Attributes (5-6) **********

Train errors: 
[ 0.73662162  0.73451063  0.73124201  0.73186065  0.73627972  0.73277258
  0.73359975  0.7343674   0.7365265   0.73808052  0.73107948  0.73442815
  0.7349101   0.7354787   0.7339407   0.73468704  0.7350113   0.73436634
  0.7352985   0.73670896  0.73704424  0.73514041  0.73491607  0.73174288
  0.73662194  0.7324342   0.73345403  0.73753067  0.73899805  0.73614428
  0.73440182  0.73209685  0.7389788   0.73379831  0.73546149  0.73516748
  0.73362155  0.73481656  0.7330886   0.73552049  0.73223452  0.7332517
  0.73162395  0.73492834  0.73390761  0.73370538  0.73499946  0.73483003
  0.73428806  0.73752312  0.73655363  0.7339062   0.73751197  0.73728303
  0.73401964  0.73606759  0.73633967  0.73067042  0.73417865  0.73470111
  0.73628757  0.73676075  0.73899681  0.7332137   0.73399954  0.73323916
  0.73630919  0.73395872  0.73663103  0.73401569  0.73392342  0.7312041
  0.73271602  0.73345298  0.73275135  0.73620138  0.73680785  0.73268053
  0.73560699  0.73473529  0.73495233  0.73468355  0.73363403  0.73206674
  0.73322757  0.73675101  0.73865581  0.73267582  0.73432817  0.73887421
  0.73251454  0.74005527  0.73469182  0.73604751  0.73561009  0.73547117
  0.73485146  0.73659025  0.73506893  0.73432465  0.73457043  0.73643388
  0.73738368  0.73226515  0.73715587  0.7333588   0.73544423  0.73322457
  0.73334528  0.73919099  0.73340595  0.73562064  0.73676085  0.73173308
  0.73437684  0.73201756  0.73351133  0.73687335  0.73610424  0.73418019
  0.73821568  0.73997672  0.73397617  0.73543002  0.73406629  0.7362294
  0.73560257  0.73270573  0.73785788  0.73509181  0.73798629  0.73596759
  0.73642369  0.73417087  0.74066623  0.73749889  0.73580743  0.73733069
  0.73501926  0.73432416  0.73644219  0.73323045  0.73294762  0.73687592
  0.73460967  0.73489527  0.73753924  0.73403786  0.73600088  0.73782002
  0.73736556  0.73630934  0.7317795   0.7389441   0.73334412  0.73687688
  0.73787353  0.73157418  0.73297863  0.73453316  0.73545084  0.73137999
  0.73607859  0.73287225  0.73520462  0.73823662  0.73636437  0.73529134
  0.73699844  0.73337425  0.73543115  0.73334895  0.7345738   0.73137491
  0.73372218  0.73253358  0.73399277  0.73680296  0.73428303  0.73325564
  0.73428024  0.73558874  0.73475388  0.73404276  0.73498156  0.7361315
  0.73764235  0.73397909  0.73766202  0.73618053  0.7352517   0.73829286
  0.73616837  0.73551659  0.73500761  0.73488758  0.73076602  0.73852437
  0.73696088  0.73548031  0.73527787  0.73298593  0.73541531  0.7342461
  0.73767084  0.73676825  0.74022239  0.73651614  0.74096039  0.73440666
  0.73458169  0.74038604  0.73613804  0.73637341  0.73754923  0.7346945
  0.7352504   0.73283389  0.73786327  0.73569797  0.73532139  0.73701488
  0.73392072  0.73349129  0.73263856  0.73245693  0.7331311   0.73184177
  0.73398732  0.7347716   0.73427088  0.7378978   0.7384238   0.73537391
  0.73629949  0.73415246  0.73529793  0.73442083  0.73467184  0.73657126
  0.73847807  0.73636984  0.73433593  0.73417859  0.73550894  0.73641219
  0.7370796   0.73579053  0.73661516  0.73249919  0.73323217  0.73221805
  0.73455421  0.73360193  0.73296202  0.73361253  0.73599954  0.73570143
  0.73238968  0.7337812   0.7343245   0.73522504  0.73334599  0.7347873
  0.73582212  0.73799136  0.73049824  0.73725246  0.73274739  0.73948355
  0.73714833  0.73596852  0.73704259  0.73729903  0.7413615   0.73220829
  0.73602818  0.7367135   0.73519037  0.73241109  0.73810533  0.73464711
  0.73767998  0.73742839  0.73556841  0.73620916  0.73531761  0.73661227
  0.73841218  0.73622464  0.73671386  0.73519636  0.73552498  0.73270223
  0.73311851  0.73592972  0.73348026  0.73594471]

Test errors: 
[ 0.75588216  0.75081884  0.7496079   0.75175475  0.75279179  0.74968708
  0.75137398  0.75503583  0.75828727  0.75443843  0.75045166  0.75509414
  0.7564505   0.75214489  0.75305113  0.7545107   0.7487743   0.74980929
  0.75475572  0.75805594  0.75646634  0.75390087  0.75960344  0.74872317
  0.7584184   0.75034657  0.74818722  0.75713761  0.75581971  0.75424585
  0.75049178  0.74913028  0.75585637  0.75579044  0.75582901  0.75086011
  0.7544234   0.75450755  0.74834616  0.7549337   0.74773432  0.75018322
  0.74969147  0.75310413  0.75409818  0.75157751  0.75543642  0.75338176
  0.75109199  0.75606471  0.75383794  0.75254757  0.75962157  0.7583966
  0.75290508  0.7510206   0.75470544  0.74655095  0.75098645  0.7499846
  0.75687641  0.75593591  0.75351045  0.75644427  0.75333357  0.75366707
  0.75473779  0.75447697  0.75419405  0.74902877  0.75392897  0.74881997
  0.75293836  0.75570231  0.75170634  0.74994482  0.75761595  0.74745316
  0.74870735  0.75428301  0.75658373  0.74983642  0.74913132  0.74811459
  0.7534577   0.75612711  0.75730086  0.7496454   0.75291027  0.75713338
  0.75265471  0.7537426   0.75218741  0.75647737  0.75142344  0.75437619
  0.75457205  0.75418158  0.75264926  0.75072511  0.75168774  0.75660283
  0.75643154  0.75288567  0.75034787  0.75042635  0.75491685  0.75201268
  0.75355632  0.75963891  0.75019004  0.75256463  0.75413778  0.74960205
  0.74807518  0.75044691  0.75053061  0.75722758  0.75267864  0.75234588
  0.76085475  0.76633083  0.75566572  0.75473907  0.74820819  0.75465305
  0.75473169  0.74699229  0.75784728  0.75327798  0.75645504  0.75728171
  0.75429647  0.75148861  0.76269061  0.75829449  0.75253856  0.75857087
  0.75731276  0.75542239  0.75276041  0.75158304  0.74626792  0.75409187
  0.75179958  0.75441563  0.75809199  0.75035779  0.75719401  0.75532132
  0.75503872  0.75948091  0.75134039  0.75862605  0.75221298  0.7563833
  0.75704593  0.75045048  0.74498369  0.74873833  0.75453454  0.75051263
  0.75559953  0.7528813   0.7499325   0.75886477  0.75335847  0.75248096
  0.75744248  0.75078212  0.75422912  0.75168976  0.75044182  0.74453909
  0.75000552  0.75625286  0.75821184  0.75220543  0.75482407  0.74815009
  0.75136176  0.75357717  0.75207461  0.75523814  0.75128195  0.75436623
  0.75863635  0.74947299  0.75631007  0.75524818  0.75514052  0.75413099
  0.75471312  0.7520258   0.7553722   0.75532261  0.7498166   0.75403395
  0.75782951  0.75231801  0.75403437  0.75092852  0.75480033  0.74927599
  0.75917727  0.7585199   0.75861132  0.75615806  0.76814924  0.75238047
  0.75134019  0.75937103  0.75412548  0.75776844  0.75718301  0.74807153
  0.75586961  0.75049089  0.75747185  0.75718805  0.75832578  0.75375529
  0.7533629   0.75174973  0.75165412  0.75076545  0.74838607  0.74712492
  0.74892017  0.75459525  0.75480107  0.75190686  0.7566579   0.75215547
  0.75442044  0.75267261  0.75570532  0.75173537  0.75922439  0.75037856
  0.75893937  0.75376909  0.75191852  0.74721627  0.74747729  0.75198294
  0.75670945  0.75413867  0.75521406  0.74811882  0.75114762  0.75069539
  0.75181545  0.75089789  0.75384895  0.75379067  0.7525728   0.7572544
  0.75253732  0.74882713  0.75233985  0.75158435  0.74921909  0.75223903
  0.75213902  0.75730955  0.74364858  0.75696341  0.74840414  0.75674011
  0.75587547  0.75389779  0.75712281  0.75642858  0.76347213  0.74663838
  0.75261911  0.75276457  0.75331787  0.7504161   0.75927819  0.75202592
  0.7609914   0.75570917  0.75495091  0.7565486   0.74932181  0.75178299
  0.75987427  0.76011882  0.75572046  0.75137848  0.7480735   0.75513289
  0.755063    0.74861007  0.74761245  0.75718647]

Running times: 
[0.004708051681518555, 0.009860038757324219, 0.012953042984008789, 0.016230106353759766, 0.016325950622558594, 0.021900177001953125, 0.022084951400756836, 0.02642512321472168, 0.026185989379882812, 0.03256392478942871, 0.032295942306518555, 0.03660917282104492, 0.03769087791442871, 0.04427790641784668, 0.04318809509277344, 0.03157615661621094, 0.03267407417297363, 0.042693138122558594, 0.03541088104248047, 0.03387594223022461, 0.05282402038574219, 0.0427250862121582, 0.037904977798461914, 0.04438495635986328, 0.05168604850769043, 0.026205062866210938, 0.03563690185546875, 0.05125999450683594, 0.03715395927429199, 0.03360295295715332, 0.027107954025268555, 0.043215036392211914, 0.035761117935180664, 0.04902815818786621, 0.04055190086364746, 0.03827095031738281, 0.03484201431274414, 0.04846906661987305, 0.04463601112365723, 0.04108691215515137, 0.047083139419555664, 0.0499570369720459, 0.03318214416503906, 0.04017496109008789, 0.0404050350189209, 0.03247213363647461, 0.0348200798034668, 0.033721923828125, 0.0381619930267334, 0.044302940368652344, 0.0532679557800293, 0.03953385353088379, 0.04328107833862305, 0.02920389175415039, 0.03497505187988281, 0.02992105484008789, 0.038121938705444336, 0.02996516227722168, 0.03569602966308594, 0.05257081985473633, 0.03220391273498535, 0.042678117752075195, 0.0431058406829834, 0.0348970890045166, 0.03326606750488281, 0.032176971435546875, 0.03617501258850098, 0.04302215576171875, 0.04297280311584473, 0.04422187805175781, 0.034584999084472656, 0.03655815124511719, 0.03568601608276367, 0.03622293472290039, 0.04636812210083008, 0.04069685935974121, 0.03756308555603027, 0.03539395332336426, 0.027642011642456055, 0.03532910346984863, 0.044731855392456055, 0.03899502754211426, 0.034713029861450195, 0.03743696212768555, 0.032598018646240234, 0.04689502716064453, 0.03747415542602539, 0.041877031326293945, 0.043550968170166016, 0.039337158203125, 0.03942394256591797, 0.035861968994140625, 0.0289151668548584, 0.04297614097595215, 0.040782928466796875, 0.052201032638549805, 0.0451970100402832, 0.0380091667175293, 0.033625125885009766, 0.0449368953704834, 0.041213035583496094, 0.04369306564331055, 0.05132889747619629, 0.036422014236450195, 0.04400205612182617, 0.04187607765197754, 0.03723621368408203, 0.04279494285583496, 0.03388690948486328, 0.048178911209106445, 0.04571413993835449, 0.04406595230102539, 0.04632091522216797, 0.03534698486328125, 0.04565906524658203, 0.059992074966430664, 0.03702998161315918, 0.04257512092590332, 0.038075923919677734, 0.05028510093688965, 0.036242008209228516, 0.0586700439453125, 0.036512136459350586, 0.03860902786254883, 0.049108028411865234, 0.05471396446228027, 0.034570932388305664, 0.0372319221496582, 0.044352054595947266, 0.038659095764160156, 0.05634188652038574, 0.0400691032409668, 0.0459589958190918, 0.03161120414733887, 0.05478501319885254, 0.04345393180847168, 0.046484947204589844, 0.04294395446777344, 0.03951096534729004, 0.04950714111328125, 0.04740095138549805, 0.03432297706604004, 0.03658294677734375, 0.03771090507507324, 0.058062076568603516, 0.03976893424987793, 0.05211591720581055, 0.03118109703063965, 0.03461503982543945, 0.04278397560119629, 0.04036092758178711, 0.044281959533691406, 0.04790997505187988, 0.041769981384277344, 0.028274059295654297, 0.03995084762573242, 0.04757404327392578, 0.03479719161987305, 0.03227806091308594, 0.04347491264343262, 0.0339961051940918, 0.044950008392333984, 0.03460812568664551, 0.030321121215820312, 0.047612905502319336, 0.04354596138000488, 0.030134916305541992, 0.03295016288757324, 0.0280911922454834, 0.02439117431640625, 0.034375905990600586, 0.03350210189819336, 0.036466121673583984, 0.03831601142883301, 0.04251599311828613, 0.03303694725036621, 0.041068077087402344, 0.03834104537963867, 0.038552045822143555, 0.03949308395385742, 0.03426694869995117, 0.02619194984436035, 0.04806208610534668, 0.05600404739379883, 0.036238908767700195, 0.030605077743530273, 0.04938697814941406, 0.030376911163330078, 0.04909491539001465, 0.042000770568847656, 0.04437088966369629, 0.0502469539642334, 0.039932966232299805, 0.040522098541259766, 0.034852027893066406, 0.03111886978149414, 0.031155824661254883, 0.030537128448486328, 0.04270815849304199, 0.03207802772521973, 0.05314207077026367, 0.04430413246154785, 0.06544899940490723, 0.030250072479248047, 0.03510594367980957, 0.042250871658325195, 0.0361480712890625, 0.0433049201965332, 0.046526193618774414, 0.03736090660095215, 0.0412900447845459, 0.03425097465515137, 0.04207611083984375, 0.03269600868225098, 0.03952288627624512, 0.03349900245666504, 0.03871917724609375, 0.04519820213317871, 0.04556608200073242, 0.04065895080566406, 0.04199790954589844, 0.04261493682861328, 0.03251194953918457, 0.03502798080444336, 0.03381204605102539, 0.03984808921813965, 0.032402992248535156, 0.036134958267211914, 0.0400240421295166, 0.03001999855041504, 0.03708910942077637, 0.031138181686401367, 0.0488429069519043, 0.03741288185119629, 0.0403439998626709, 0.03339099884033203, 0.03658318519592285, 0.03654193878173828, 0.04582405090332031, 0.03529787063598633, 0.033033132553100586, 0.029298067092895508, 0.0437321662902832, 0.046694040298461914, 0.03633284568786621, 0.050581932067871094, 0.0345149040222168, 0.047821044921875, 0.048787832260131836, 0.03875589370727539, 0.04266095161437988, 0.04155778884887695, 0.0326998233795166, 0.03902697563171387, 0.04471898078918457, 0.038210153579711914, 0.05050396919250488, 0.04175209999084473, 0.03928089141845703, 0.03283190727233887, 0.042587995529174805, 0.04946780204772949, 0.039199113845825195, 0.04482102394104004, 0.03467297554016113, 0.03704690933227539, 0.035260915756225586, 0.04173684120178223, 0.03898215293884277, 0.03293895721435547, 0.03686690330505371, 0.04798603057861328, 0.04168391227722168, 0.04723191261291504, 0.03622889518737793, 0.03556704521179199, 0.03941082954406738, 0.05016899108886719, 0.031549930572509766, 0.035614967346191406, 0.049131155014038086, 0.04073309898376465, 0.04580807685852051, 0.05267810821533203, 0.03960585594177246, 0.03878283500671387, 0.04304313659667969, 0.04625415802001953, 0.033284902572631836, 0.04452991485595703, 0.0448460578918457, 0.041641950607299805, 0.037271976470947266, 0.03061985969543457, 0.049169063568115234, 0.034600019454956055, 0.02741694450378418, 0.03596687316894531]