*********** Attributes (0-1) **********

Train errors: 
[ 0.76052518  0.75993265  0.76403836  0.76094155  0.7601431   0.75977204
  0.759794    0.76125898  0.76046262  0.75763953  0.76047849  0.76193153
  0.75888583  0.76127875  0.76150491  0.75956661  0.76224936  0.76245043
  0.7608409   0.76103604  0.762035    0.75907021  0.76208197  0.75982094
  0.7613373   0.75959008  0.76070273  0.76140072  0.7620128   0.75961407
  0.7610089   0.75860249  0.75796197  0.76052183  0.76068485  0.75978416
  0.76035924  0.75974792  0.76000788  0.76080501  0.76242919  0.75931488
  0.75897074  0.76145813  0.76115038  0.76027435  0.76031963  0.7619495
  0.75963913  0.7602725   0.75979545  0.76089509  0.75942939  0.76155633
  0.76201211  0.7593644   0.76017316  0.76053284  0.75907931  0.75956668
  0.76237616  0.76138557  0.76244325  0.76032093  0.76167938  0.76071247
  0.76122776  0.75883528  0.76169079  0.7608894   0.76221992  0.75912021
  0.76220913  0.76002405  0.76214124  0.75745425  0.76087668  0.76230009
  0.76145687  0.76120788  0.76218608  0.76045799  0.76011719  0.76272206
  0.75854502  0.76142541  0.7596258   0.76115409  0.75804187  0.76114611
  0.76159278  0.75975231  0.76224754  0.76035401  0.76000827  0.76089827
  0.76024695  0.76197476  0.76105422  0.75946105  0.76173912  0.7609909
  0.76027163  0.76062562  0.76154825  0.76097492  0.76180393  0.75995588
  0.75927787  0.75952946  0.76119577  0.76046943  0.76298449  0.76058155
  0.76040937  0.76024223  0.76160893  0.7598305   0.76070819  0.76077985
  0.75977165  0.76004383  0.7626156   0.76374262  0.76311945  0.76063324
  0.75955724  0.76185623  0.76102856  0.75892417  0.76093284  0.76224414
  0.76283893  0.76045965  0.76181313  0.76016463  0.76125354  0.76114288
  0.7619658   0.76118468  0.76283353  0.75812462  0.76294238  0.76164932
  0.76053654  0.76013566  0.75840744  0.76083034  0.76193132  0.7610251
  0.76147828  0.7632622   0.76514948  0.76189426  0.75893476  0.7587403
  0.76288915  0.76036085  0.75947641  0.76179583  0.75928935  0.76200218
  0.7621877   0.76131022  0.76269991  0.76068773  0.76119356  0.76099472
  0.76126791  0.76255214  0.76015657  0.76109036  0.7608387   0.75960115
  0.76118781  0.76126304  0.76296553  0.7596958   0.75930658  0.76142029
  0.75837651  0.76047825  0.76262464  0.76111977  0.76456068  0.76063146
  0.76325454  0.76079655  0.76130547  0.76194438  0.7626277   0.76060308
  0.76007251  0.7609134   0.76309441  0.76233886  0.7612618   0.76034008
  0.76138906  0.76081657  0.76016927  0.76084281  0.75986603  0.76044492
  0.76366616  0.76061544  0.76062259  0.76177535  0.76238541  0.75959102
  0.75924939  0.76276242  0.76288918  0.75982262  0.75822001  0.76185406
  0.76023508  0.76030362  0.76390851  0.76344262  0.76242672  0.76080274
  0.76033184  0.76005047  0.76064174  0.76263297  0.75992551  0.75973046
  0.75994536  0.76040434  0.76300341  0.76208961  0.76120409  0.76123698
  0.75935261  0.76442039  0.76100314  0.76085476  0.76044637  0.75900372
  0.76270809  0.75724455  0.76092624  0.76149873  0.76170193  0.7610599
  0.76271647  0.76045799  0.75995078  0.75992647  0.76179491  0.75937826
  0.76089475  0.76010024  0.75750662  0.75929336  0.76098189  0.76057842
  0.7590263   0.76241218  0.7618951   0.76144012  0.76121284  0.76218097
  0.76044377  0.76018659  0.76014992  0.76095786  0.75992179  0.76054971
  0.76162819  0.75820642  0.76024124  0.76167848  0.76038951  0.75819224
  0.76241054  0.76227174  0.76004513  0.7612609   0.76342179  0.76148265
  0.76138473  0.76058016  0.76220018  0.75991699  0.76099633  0.75939379
  0.76137638  0.75911582  0.75973079  0.76071814  0.7596309   0.7615807
  0.76035324  0.76163081  0.75995309  0.76242202]

Test errors: 
[ 0.77402462  0.78480141  0.78596042  0.78599828  0.77828956  0.78527603
  0.78065644  0.78118608  0.78106594  0.7803667   0.78546669  0.78601303
  0.78135287  0.78195845  0.78340767  0.78312918  0.78283164  0.78263509
  0.78499366  0.78167772  0.78513251  0.78354602  0.78072087  0.78213335
  0.78337947  0.78099197  0.78040945  0.7849604   0.78051443  0.78310851
  0.78518843  0.7807918   0.78600751  0.78609238  0.78474474  0.78239514
  0.78315707  0.78279312  0.78470438  0.78253584  0.78638906  0.78072246
  0.78246076  0.78026879  0.78270628  0.78239959  0.78297613  0.78315742
  0.78420465  0.78268258  0.78166248  0.7824625   0.78315827  0.78215286
  0.78575742  0.78004041  0.78116052  0.78277759  0.78550139  0.78092618
  0.78374488  0.78549564  0.78492187  0.77924733  0.7809008   0.781614
  0.78404446  0.78021401  0.78664804  0.78454415  0.78630673  0.78403728
  0.78026641  0.78422335  0.78826487  0.78366708  0.78329809  0.7840159
  0.78361594  0.77918015  0.78164604  0.78509182  0.78548295  0.78352193
  0.78190036  0.78661716  0.78544506  0.78414556  0.78002358  0.7844006
  0.78509418  0.78035966  0.78369953  0.78184146  0.78730087  0.78434967
  0.78182865  0.78967821  0.78238797  0.78372858  0.77935526  0.78136969
  0.78574402  0.78398612  0.78054214  0.78542627  0.78530435  0.78349066
  0.78397567  0.78058107  0.78271468  0.7863395   0.78635776  0.78329342
  0.78625128  0.78402328  0.78683291  0.78004791  0.78606554  0.78351905
  0.78334813  0.78531517  0.78615271  0.7849436   0.78555698  0.78305183
  0.7838631   0.78115895  0.78359412  0.78152929  0.78541776  0.78166583
  0.78859758  0.78448566  0.78168911  0.78763495  0.7828219   0.78790225
  0.78729126  0.78445874  0.78368115  0.7837048   0.78718411  0.78354249
  0.78331176  0.78124367  0.78537817  0.78484272  0.78065374  0.78477359
  0.78739022  0.78365859  0.78924826  0.78294997  0.78106898  0.78298687
  0.78368786  0.78441891  0.78458995  0.78336087  0.78263583  0.78261331
  0.78316367  0.78523895  0.78305517  0.78185493  0.78411996  0.78337343
  0.78342886  0.78502919  0.78455279  0.78063619  0.7859102   0.78219925
  0.78401892  0.78437663  0.78590049  0.78345208  0.78032247  0.77979201
  0.77911173  0.78349981  0.78559301  0.7836003   0.78405335  0.78351554
  0.78641259  0.78120756  0.78164965  0.7828425   0.78598693  0.78158415
  0.78119355  0.78017122  0.78571679  0.78386624  0.78301862  0.78177289
  0.78461756  0.78244935  0.78343933  0.78217556  0.78422953  0.78339742
  0.78568995  0.78393829  0.77969063  0.78641759  0.78492819  0.78127326
  0.77926656  0.78306565  0.78488899  0.78034196  0.78225425  0.78550401
  0.78143062  0.78377453  0.78780929  0.78736939  0.78343307  0.78416977
  0.7810002   0.78040721  0.78297268  0.78622368  0.78132496  0.78446869
  0.78077368  0.78383305  0.78273752  0.78709226  0.78393855  0.78086738
  0.78218483  0.78644883  0.7832747   0.78532737  0.78419151  0.7798677
  0.78617017  0.77975155  0.78253135  0.78414199  0.78334697  0.7839171
  0.78223299  0.77956509  0.78358522  0.78110863  0.785566    0.78233194
  0.78204528  0.78421009  0.78097325  0.78270543  0.78654687  0.78596389
  0.78444516  0.78556227  0.78313879  0.78474423  0.78480602  0.78306835
  0.78177319  0.78166317  0.78165184  0.78265259  0.78401566  0.78140706
  0.78273515  0.78325514  0.7852666   0.7833925   0.78540416  0.78052136
  0.7798456   0.78703001  0.78473613  0.78074983  0.78344489  0.78398919
  0.78665336  0.78535188  0.78609836  0.78655264  0.78185062  0.78429184
  0.7822687   0.78140989  0.78380002  0.78607867  0.77960937  0.78599491
  0.78653638  0.78286004  0.77881165  0.7856387 ]

Running times: 
[0.005465030670166016, 0.007148027420043945, 0.008311986923217773, 0.012279033660888672, 0.010586977005004883, 0.012413978576660156, 0.01596999168395996, 0.017627954483032227, 0.020097970962524414, 0.02262115478515625, 0.02148604393005371, 0.032637834548950195, 0.020424842834472656, 0.03798198699951172, 0.02999591827392578, 0.038999080657958984, 0.04391813278198242, 0.03564810752868652, 0.025681018829345703, 0.026359081268310547, 0.023024797439575195, 0.03261089324951172, 0.036215782165527344, 0.029541015625, 0.03306007385253906, 0.026983022689819336, 0.04771685600280762, 0.030862092971801758, 0.024937152862548828, 0.03656196594238281, 0.023103952407836914, 0.03652501106262207, 0.029885053634643555, 0.035620927810668945, 0.029522180557250977, 0.04584789276123047, 0.034654855728149414, 0.03168296813964844, 0.029986858367919922, 0.024459123611450195, 0.030571937561035156, 0.04559016227722168, 0.05365896224975586, 0.02924180030822754, 0.028136014938354492, 0.022728919982910156, 0.04653501510620117, 0.045577049255371094, 0.025016069412231445, 0.028553009033203125, 0.036145925521850586, 0.03630709648132324, 0.037882089614868164, 0.029460906982421875, 0.019627094268798828, 0.042520999908447266, 0.03281688690185547, 0.0409548282623291, 0.02906513214111328, 0.026683807373046875, 0.03070998191833496, 0.03561997413635254, 0.03527402877807617, 0.03247499465942383, 0.049008846282958984, 0.030538082122802734, 0.03083491325378418, 0.0365598201751709, 0.03861713409423828, 0.03719186782836914, 0.03985190391540527, 0.03406715393066406, 0.03668689727783203, 0.04359006881713867, 0.03182482719421387, 0.046530961990356445, 0.03798413276672363, 0.03745007514953613, 0.03396797180175781, 0.04161691665649414, 0.030220985412597656, 0.03069305419921875, 0.03918099403381348, 0.03504204750061035, 0.05154085159301758, 0.034433841705322266, 0.020475149154663086, 0.030117034912109375, 0.02099013328552246, 0.029973983764648438, 0.04799079895019531, 0.041253089904785156, 0.03248095512390137, 0.03982210159301758, 0.028687000274658203, 0.03599286079406738, 0.028250932693481445, 0.03192615509033203, 0.03155994415283203, 0.024466991424560547, 0.02147698402404785, 0.03240799903869629, 0.0260770320892334, 0.04156494140625, 0.04064202308654785, 0.04081082344055176, 0.038655996322631836, 0.03173112869262695, 0.04207491874694824, 0.035945892333984375, 0.02739095687866211, 0.03167104721069336, 0.03311419486999512, 0.04483199119567871, 0.0374760627746582, 0.03302907943725586, 0.03747200965881348, 0.03261995315551758, 0.04490184783935547, 0.03915905952453613, 0.040740013122558594, 0.02680206298828125, 0.033904075622558594, 0.0349271297454834, 0.03366208076477051, 0.03161501884460449, 0.03383803367614746, 0.02880692481994629, 0.021177053451538086, 0.02298903465270996, 0.023496150970458984, 0.021366119384765625, 0.034507036209106445, 0.0385439395904541, 0.03135490417480469, 0.036489009857177734, 0.037507057189941406, 0.02858591079711914, 0.03189206123352051, 0.030323028564453125, 0.051110029220581055, 0.043399810791015625, 0.028393983840942383, 0.02830982208251953, 0.03807783126831055, 0.03333592414855957, 0.02906513214111328, 0.0378110408782959, 0.02863597869873047, 0.0384218692779541, 0.03831791877746582, 0.046185970306396484, 0.032498836517333984, 0.02947402000427246, 0.030416011810302734, 0.03340888023376465, 0.03761410713195801, 0.04849410057067871, 0.02295994758605957, 0.0424809455871582, 0.029317140579223633, 0.04248785972595215, 0.05236101150512695, 0.034256935119628906, 0.0360720157623291, 0.030860185623168945, 0.03697490692138672, 0.0349118709564209, 0.022403955459594727, 0.033177852630615234, 0.04221796989440918, 0.04494285583496094, 0.0384831428527832, 0.03507685661315918, 0.03713512420654297, 0.041166067123413086, 0.0405731201171875, 0.0327911376953125, 0.02787613868713379, 0.026372909545898438, 0.02828812599182129, 0.029191970825195312, 0.04676699638366699, 0.04103899002075195, 0.02630901336669922, 0.029567956924438477, 0.03274679183959961, 0.035089969635009766, 0.03033280372619629, 0.030199050903320312, 0.030081987380981445, 0.030183076858520508, 0.03188204765319824, 0.031462907791137695, 0.03559708595275879, 0.03820013999938965, 0.03185677528381348, 0.0313258171081543, 0.03335404396057129, 0.0411069393157959, 0.036598920822143555, 0.03425097465515137, 0.039071083068847656, 0.037590980529785156, 0.03349184989929199, 0.03590703010559082, 0.03112006187438965, 0.023661136627197266, 0.03678703308105469, 0.034314870834350586, 0.03968214988708496, 0.03201007843017578, 0.022768020629882812, 0.0379939079284668, 0.028863191604614258, 0.03518414497375488, 0.03108978271484375, 0.04894900321960449, 0.028390169143676758, 0.026387929916381836, 0.02755904197692871, 0.04200601577758789, 0.032486915588378906, 0.035688161849975586, 0.03596997261047363, 0.0370020866394043, 0.038687944412231445, 0.04612588882446289, 0.03579211235046387, 0.0519101619720459, 0.022221088409423828, 0.03375983238220215, 0.038622140884399414, 0.04653310775756836, 0.034941911697387695, 0.03371310234069824, 0.05716705322265625, 0.030703067779541016, 0.027626991271972656, 0.023790836334228516, 0.029875993728637695, 0.04327106475830078, 0.04234004020690918, 0.020973920822143555, 0.037878990173339844, 0.03930091857910156, 0.04814505577087402, 0.05633687973022461, 0.04384899139404297, 0.038478851318359375, 0.03908491134643555, 0.04775691032409668, 0.035848140716552734, 0.047593116760253906, 0.048377037048339844, 0.03709602355957031, 0.02820110321044922, 0.038487911224365234, 0.04265904426574707, 0.03533291816711426, 0.03108501434326172, 0.03187298774719238, 0.02209305763244629, 0.025758028030395508, 0.025016069412231445, 0.022853851318359375, 0.027105093002319336, 0.02407979965209961, 0.03942298889160156, 0.033531904220581055, 0.03342485427856445, 0.024502992630004883, 0.0214691162109375, 0.04238414764404297, 0.033883094787597656, 0.024183034896850586, 0.026458024978637695, 0.028388023376464844, 0.032974958419799805, 0.015806913375854492, 0.03216385841369629, 0.0376741886138916, 0.02932882308959961, 0.03365015983581543, 0.04529285430908203, 0.03285503387451172, 0.03262495994567871, 0.04180002212524414, 0.03629779815673828, 0.03302407264709473, 0.02956390380859375, 0.045764923095703125, 0.03021383285522461, 0.03333306312561035, 0.03347015380859375, 0.030787944793701172, 0.04295015335083008, 0.020964860916137695]