*********** Attributes (7-8) **********

Train errors: 
[ 0.67537207  0.67135711  0.67045178  0.67036883  0.67453965  0.67159528
  0.67430489  0.67483702  0.67523579  0.67666918  0.67591413  0.67974135
  0.67547991  0.6786146   0.67613314  0.67458889  0.67471638  0.67535376
  0.67808342  0.67035159  0.67650604  0.67415697  0.67667529  0.68436927
  0.67527756  0.67636893  0.67971235  0.67402206  0.67518966  0.67794552
  0.67971866  0.67730501  0.6779244   0.67631714  0.67313608  0.67606752
  0.679951    0.68160305  0.68280397  0.67679058  0.67790543  0.6821183
  0.67611501  0.6778542   0.68029859  0.67498594  0.67329311  0.67961834
  0.67663354  0.67386838  0.67753393  0.6791207   0.67556919  0.67424378
  0.67769505  0.67229364  0.67253032  0.67662993  0.67857717  0.68056584
  0.68069985  0.67252271  0.67694403  0.68186172  0.67648026  0.67520196
  0.67583924  0.68159995  0.67831728  0.6730007   0.67907733  0.67055521
  0.67628074  0.67873552  0.68075783  0.68248209  0.67174015  0.67601883
  0.67506957  0.67663842  0.68061035  0.67383011  0.67887858  0.68260951
  0.6723447   0.672848    0.68046417  0.68013325  0.67352556  0.67741017
  0.67151644  0.67726621  0.6771285   0.68095696  0.67271451  0.68145042
  0.67831159  0.67589904  0.67665112  0.67593581  0.68200994  0.6729115
  0.67550388  0.67933847  0.67515548  0.67063965  0.67738299  0.6740956
  0.67821975  0.67551602  0.67737974  0.67760953  0.67888339  0.68122007
  0.67978963  0.6793733   0.67187327  0.68303549  0.67542472  0.67652975
  0.67262261  0.68025472  0.67229219  0.67261413  0.67728761  0.67389388
  0.67962735  0.67310091  0.67769582  0.67825836  0.67166502  0.67285008
  0.67787227  0.67818728  0.67801002  0.68348325  0.67494768  0.68103431
  0.67713934  0.67639224  0.68358474  0.67330571  0.6798821   0.67347689
  0.67563739  0.68434022  0.6802236   0.6790758   0.67486889  0.67697258
  0.68131226  0.6818907   0.67795571  0.67967719  0.67456292  0.67698804
  0.67450599  0.67736219  0.6762896   0.67423112  0.67643555  0.67226883
  0.678645    0.67932007  0.67623025  0.67729109  0.67676185  0.67207908
  0.67752928  0.67797749  0.67548095  0.67337283  0.67929396  0.67475182
  0.67626744  0.67491755  0.68069104  0.67574199  0.67706327  0.67577595
  0.684917    0.67474451  0.67321199  0.67417884  0.68088423  0.67761213
  0.68081775  0.67516307  0.67456196  0.6780075   0.68190418  0.67812953
  0.67693665  0.6778939   0.67571833  0.67755726  0.67517057  0.67470217
  0.67069606  0.6727975   0.67508971  0.67661244  0.67684332  0.67465955
  0.67648643  0.67560357  0.67452658  0.67350022  0.67604356  0.68037952
  0.67615292  0.679192    0.67793313  0.67757028  0.67437849  0.68016494
  0.67685467  0.6730613   0.6802082   0.67537278  0.67585301  0.67953109
  0.67767509  0.67677162  0.67928633  0.68011938  0.67559161  0.67834936
  0.67846529  0.67820272  0.6771136   0.6744298   0.67576137  0.67839575
  0.67428395  0.68431827  0.67863273  0.67336242  0.67904729  0.67690068
  0.67395297  0.6727763   0.67847885  0.68122382  0.67486972  0.67531843
  0.67777779  0.67704263  0.67933303  0.67797042  0.67964119  0.67290489
  0.67667878  0.68052389  0.68070832  0.67465765  0.67958531  0.67963823
  0.67446448  0.67531038  0.67705415  0.67582845  0.6730907   0.67680961
  0.67616531  0.68216329  0.68029487  0.68145044  0.6787781   0.67396777
  0.67785561  0.67402157  0.67425013  0.67580571  0.67911147  0.67426405
  0.67877     0.67550633  0.67500153  0.67585446  0.67822901  0.67541572
  0.677054    0.6690838   0.67202111  0.67988037  0.67268776  0.67348921
  0.67140294  0.68254672  0.67717613  0.67293723  0.67765298  0.67441622
  0.67665107  0.67496216  0.67292027  0.67705048]

Test errors: 
[ 0.71518846  0.70196243  0.69693958  0.69992461  0.69662903  0.69396635
  0.70149424  0.69857005  0.70101133  0.70198878  0.7054078   0.70489263
  0.70515643  0.706825    0.70432263  0.69643907  0.70162572  0.70293001
  0.70631965  0.6975698   0.70575242  0.70417112  0.70497497  0.71370694
  0.70080231  0.69977997  0.70723394  0.70521818  0.70380969  0.70799464
  0.7011179   0.70368905  0.70510035  0.70141573  0.699957    0.70121297
  0.70772378  0.70215198  0.71059044  0.70402759  0.70880454  0.71016027
  0.70648602  0.70353517  0.70847572  0.70858723  0.70061337  0.70195443
  0.70297837  0.7005866   0.7057383   0.70420012  0.70188479  0.69863331
  0.70644556  0.69595648  0.69500326  0.70309442  0.70626964  0.7107778
  0.70825398  0.69739666  0.70634943  0.71204399  0.70551386  0.69846494
  0.70500172  0.70842169  0.70173697  0.69660712  0.70738373  0.69672712
  0.70085428  0.70296639  0.70540731  0.70969258  0.70190969  0.70184348
  0.70033182  0.70030317  0.7083967   0.70165581  0.70176666  0.71020253
  0.70011006  0.70211145  0.71289171  0.70687265  0.70061424  0.70564831
  0.70046183  0.70319777  0.7022913   0.70933216  0.70377355  0.706719
  0.7085288   0.70234052  0.70622102  0.70262742  0.70970225  0.70070192
  0.7044532   0.70428919  0.70196473  0.69998994  0.70371646  0.70356342
  0.7024325   0.70180199  0.70675278  0.7091935   0.70752161  0.70333659
  0.70507118  0.70967008  0.69946394  0.71143088  0.70659734  0.7023792
  0.69516975  0.70399898  0.69784295  0.7017322   0.70135586  0.69760997
  0.70571403  0.69917313  0.70379956  0.70145059  0.70008036  0.69502355
  0.70560163  0.70538792  0.70812179  0.71247773  0.70036074  0.71223109
  0.7072161   0.70438896  0.70707857  0.6982214   0.70794682  0.69942473
  0.7010139   0.70925388  0.70853023  0.70815055  0.69935284  0.70313198
  0.70675848  0.70992443  0.70381908  0.71035471  0.69833734  0.70830362
  0.70136032  0.70502881  0.70685062  0.70751678  0.69948636  0.69986751
  0.70506011  0.70567865  0.69900063  0.70280422  0.7023301   0.70421924
  0.70803641  0.70516078  0.69719861  0.70121853  0.70692309  0.70127192
  0.70666827  0.70364496  0.70268058  0.69992612  0.70654548  0.70479981
  0.71049614  0.69708812  0.69676296  0.706853    0.7046284   0.70713561
  0.70368397  0.70483012  0.70011663  0.70370117  0.70887037  0.7047784
  0.70428924  0.70584722  0.70242402  0.70378314  0.70415094  0.70412735
  0.70231027  0.70188228  0.70285879  0.70638009  0.704259    0.70348906
  0.70302777  0.70375036  0.70631241  0.70330892  0.70477723  0.7057202
  0.70529769  0.70325525  0.70752765  0.70598439  0.70372581  0.7044433
  0.70020064  0.70449568  0.70995389  0.7026117   0.70640678  0.70415285
  0.70503625  0.70068713  0.70268874  0.71139879  0.70774317  0.70799993
  0.70681052  0.70861428  0.70704011  0.70426217  0.70447571  0.70453066
  0.70468685  0.71233629  0.70737324  0.69570638  0.70776135  0.70180315
  0.70150616  0.69790211  0.70675005  0.70905683  0.69782099  0.70362424
  0.70857966  0.70664148  0.70845621  0.70477943  0.71041548  0.70484206
  0.70536587  0.70794048  0.71125707  0.69993509  0.6990485   0.70448348
  0.70089998  0.70544425  0.69924299  0.70252425  0.69708724  0.70699607
  0.70090186  0.70938644  0.70687755  0.71007085  0.70083132  0.7017486
  0.70363837  0.69939944  0.69883176  0.70608932  0.70508932  0.70416989
  0.70505765  0.70497891  0.70227088  0.70124405  0.70194126  0.70143387
  0.70132794  0.69764102  0.69859329  0.70289928  0.6986712   0.70308544
  0.70459486  0.71017699  0.70986824  0.69766852  0.70475876  0.70037986
  0.70328922  0.7027832   0.70015082  0.70213121]

Running times: 
[0.007043123245239258, 0.009989023208618164, 0.013438940048217773, 0.01536703109741211, 0.01958298683166504, 0.023389816284179688, 0.02679896354675293, 0.02813887596130371, 0.02768993377685547, 0.03684210777282715, 0.03235006332397461, 0.0350339412689209, 0.04617595672607422, 0.036839962005615234, 0.03967881202697754, 0.03455090522766113, 0.04993295669555664, 0.03347182273864746, 0.04877209663391113, 0.04332995414733887, 0.04804587364196777, 0.04448199272155762, 0.03944516181945801, 0.0679628849029541, 0.036698102951049805, 0.03927493095397949, 0.04089093208312988, 0.04861116409301758, 0.03021693229675293, 0.04662680625915527, 0.03955817222595215, 0.036138057708740234, 0.04512500762939453, 0.04179883003234863, 0.04877805709838867, 0.04187917709350586, 0.03148317337036133, 0.053275108337402344, 0.0575871467590332, 0.053488969802856445, 0.06403589248657227, 0.04213690757751465, 0.04234600067138672, 0.04729104042053223, 0.03924107551574707, 0.03665590286254883, 0.04657387733459473, 0.044751882553100586, 0.05581998825073242, 0.0323641300201416, 0.04337191581726074, 0.04699110984802246, 0.03915095329284668, 0.03097701072692871, 0.046154022216796875, 0.0309140682220459, 0.04131889343261719, 0.03954792022705078, 0.03290295600891113, 0.028096914291381836, 0.04979300498962402, 0.03490090370178223, 0.04503989219665527, 0.07602596282958984, 0.03894615173339844, 0.05681610107421875, 0.03612709045410156, 0.04695701599121094, 0.04113197326660156, 0.04033303260803223, 0.02816295623779297, 0.03272080421447754, 0.05410599708557129, 0.03358912467956543, 0.06247591972351074, 0.03988218307495117, 0.028515100479125977, 0.04275107383728027, 0.0502018928527832, 0.04307293891906738, 0.03163409233093262, 0.03512310981750488, 0.05340909957885742, 0.0711669921875, 0.054763078689575195, 0.024370908737182617, 0.05166292190551758, 0.03977799415588379, 0.04256701469421387, 0.058648109436035156, 0.023307085037231445, 0.03263688087463379, 0.058612823486328125, 0.04738497734069824, 0.04375290870666504, 0.051774024963378906, 0.042730093002319336, 0.04394221305847168, 0.03837084770202637, 0.056880950927734375, 0.04053902626037598, 0.03675389289855957, 0.03850388526916504, 0.0478670597076416, 0.045970916748046875, 0.03629899024963379, 0.04077887535095215, 0.028790950775146484, 0.050514936447143555, 0.049952030181884766, 0.03955507278442383, 0.03779411315917969, 0.053550004959106445, 0.052863121032714844, 0.0410008430480957, 0.05952000617980957, 0.03390312194824219, 0.0580449104309082, 0.030575990676879883, 0.02983403205871582, 0.0406491756439209, 0.05101895332336426, 0.03313302993774414, 0.043493032455444336, 0.04808688163757324, 0.05490899085998535, 0.040802955627441406, 0.04846811294555664, 0.03739118576049805, 0.039344072341918945, 0.03142595291137695, 0.0368039608001709, 0.03201913833618164, 0.0433502197265625, 0.04806804656982422, 0.051457881927490234, 0.04828286170959473, 0.03887200355529785, 0.034121036529541016, 0.03220701217651367, 0.05147504806518555, 0.036917924880981445, 0.05656909942626953, 0.03703594207763672, 0.02927708625793457, 0.07479500770568848, 0.058667898178100586, 0.06553912162780762, 0.03284716606140137, 0.03156113624572754, 0.06085395812988281, 0.048475027084350586, 0.07999801635742188, 0.050436973571777344, 0.0368349552154541, 0.05315399169921875, 0.04084515571594238, 0.06552696228027344, 0.031744956970214844, 0.029722929000854492, 0.04864215850830078, 0.03958487510681152, 0.0497279167175293, 0.03182411193847656, 0.03150486946105957, 0.03817391395568848, 0.02938103675842285, 0.06009817123413086, 0.04970717430114746, 0.03844714164733887, 0.04421210289001465, 0.029371023178100586, 0.0482180118560791, 0.03690600395202637, 0.04300808906555176, 0.03975796699523926, 0.04346799850463867, 0.0347750186920166, 0.05628395080566406, 0.04421401023864746, 0.05999898910522461, 0.04260396957397461, 0.0397641658782959, 0.048787832260131836, 0.0531461238861084, 0.0404050350189209, 0.03365802764892578, 0.04346299171447754, 0.03426194190979004, 0.05183005332946777, 0.04967522621154785, 0.049041032791137695, 0.05759596824645996, 0.05315995216369629, 0.04378509521484375, 0.06921696662902832, 0.03799700736999512, 0.0423579216003418, 0.03525996208190918, 0.03714108467102051, 0.05645895004272461, 0.05345511436462402, 0.043641090393066406, 0.049233198165893555, 0.05545496940612793, 0.03696393966674805, 0.033666133880615234, 0.04145193099975586, 0.04445290565490723, 0.033349037170410156, 0.041004180908203125, 0.04918193817138672, 0.046838998794555664, 0.043744802474975586, 0.04059791564941406, 0.047805070877075195, 0.03884482383728027, 0.031954050064086914, 0.05942797660827637, 0.03446388244628906, 0.034162044525146484, 0.042591094970703125, 0.03400087356567383, 0.04144096374511719, 0.06526422500610352, 0.05702400207519531, 0.07222914695739746, 0.05342578887939453, 0.043089866638183594, 0.03857707977294922, 0.036859989166259766, 0.02937602996826172, 0.02483201026916504, 0.05412006378173828, 0.04725003242492676, 0.06189417839050293, 0.06909894943237305, 0.028714895248413086, 0.03249716758728027, 0.046282052993774414, 0.040144920349121094, 0.03559994697570801, 0.041055917739868164, 0.03673386573791504, 0.024856090545654297, 0.030610084533691406, 0.04739713668823242, 0.03145480155944824, 0.0413510799407959, 0.033867835998535156, 0.0457148551940918, 0.041539907455444336, 0.05022788047790527, 0.04039597511291504, 0.04834794998168945, 0.052214860916137695, 0.04920005798339844, 0.0428469181060791, 0.03312206268310547, 0.027399063110351562, 0.03148198127746582, 0.03681802749633789, 0.03498196601867676, 0.04871797561645508, 0.03896498680114746, 0.0435791015625, 0.062103986740112305, 0.05693507194519043, 0.053605079650878906, 0.04275321960449219, 0.04407501220703125, 0.030742883682250977, 0.04304790496826172, 0.044036149978637695, 0.03973102569580078, 0.043778181076049805, 0.05369400978088379, 0.033750057220458984, 0.03835892677307129, 0.04178214073181152, 0.043054819107055664, 0.045877933502197266, 0.056014060974121094, 0.04021096229553223, 0.045001983642578125, 0.04097795486450195, 0.041259050369262695, 0.03537797927856445, 0.04664802551269531, 0.04397892951965332, 0.03653311729431152, 0.02783989906311035, 0.027539968490600586, 0.02740001678466797, 0.037796974182128906, 0.038964033126831055, 0.027194976806640625, 0.03830695152282715]