*********** Attributes (2-3) **********

Train errors: 
[ 0.72059376  0.71457291  0.71499824  0.71260877  0.71731801  0.71647031
  0.71575469  0.71684553  0.71651957  0.71379165  0.7165304   0.7160244
  0.71757825  0.71559404  0.71851191  0.7192862   0.71755301  0.71865255
  0.71998843  0.72109086  0.71752819  0.72163906  0.71981971  0.71640748
  0.72255961  0.71816511  0.7156446   0.71591979  0.71551535  0.71808598
  0.72006351  0.72060155  0.7182753   0.71699098  0.72095685  0.72006221
  0.71927428  0.71869558  0.7228884   0.71451545  0.71832251  0.71864345
  0.71747841  0.71516905  0.71651138  0.71787158  0.72161729  0.71793786
  0.7217562   0.71936083  0.72074256  0.71754141  0.71612108  0.71735991
  0.71631952  0.72299097  0.72193254  0.71965133  0.71965988  0.71981613
  0.71748344  0.72721131  0.71644432  0.71795769  0.71500756  0.71549836
  0.72164799  0.71590367  0.71751525  0.71906539  0.71867491  0.71686295
  0.7171022   0.71559511  0.71773988  0.71818477  0.71661386  0.71544153
  0.71892564  0.71954733  0.71871618  0.7192044   0.72319125  0.72788147
  0.71617137  0.71640672  0.71871934  0.7165333   0.71725133  0.71521522
  0.71857397  0.71734692  0.71796115  0.71950084  0.72075729  0.71641216
  0.72248835  0.72017472  0.72023856  0.71836106  0.72021708  0.71922256
  0.72118595  0.72215041  0.71920677  0.71750036  0.71977161  0.71657759
  0.71529366  0.7178696   0.7175082   0.71719406  0.72283793  0.7170581
  0.71823057  0.71856918  0.71883225  0.7164579   0.7226971   0.71780744
  0.72007088  0.718827    0.71695189  0.71825142  0.71917528  0.71522716
  0.72448749  0.7193413   0.71556079  0.71981797  0.71837219  0.72123599
  0.71545998  0.71655132  0.71524342  0.71483808  0.7226057   0.71797377
  0.71974889  0.7201575   0.71988699  0.72371752  0.71952532  0.72102809
  0.71890465  0.7146579   0.72062514  0.71939411  0.72084483  0.72351493
  0.71931456  0.71928206  0.71715135  0.71806913  0.71668377  0.71795823
  0.72323623  0.71938433  0.72212106  0.71705879  0.72234456  0.72065888
  0.7194514   0.71992829  0.72293697  0.71712858  0.71521459  0.71859088
  0.71882681  0.7180968   0.72168782  0.71883452  0.71457388  0.71880094
  0.71672857  0.71636533  0.71672272  0.71823147  0.71947119  0.71616946
  0.71701472  0.71675527  0.71578845  0.72249505  0.71652919  0.71898886
  0.71893438  0.72032061  0.71862971  0.7164406   0.71967965  0.71852692
  0.7200402   0.71707728  0.71706515  0.71905212  0.71643286  0.71689012
  0.71777638  0.72033701  0.71790724  0.71911228  0.72022391  0.71574643
  0.71578325  0.71741114  0.72336324  0.72072115  0.71893579  0.72152002
  0.71359194  0.72252665  0.71872441  0.72335422  0.72085865  0.71781531
  0.71807717  0.71943241  0.72080122  0.71757887  0.71817696  0.71663216
  0.7173072   0.71603234  0.71744422  0.71657406  0.71599428  0.71962103
  0.72474997  0.71921779  0.72130763  0.72183777  0.71694699  0.71879711
  0.72012461  0.71939687  0.71775505  0.71953071  0.71977079  0.71583863
  0.72060441  0.72336849  0.71513961  0.72049916  0.71839774  0.71708335
  0.72060521  0.71691015  0.72008745  0.71911987  0.72236518  0.71810882
  0.71578925  0.71930983  0.71751913  0.71852601  0.72272795  0.72336988
  0.71766567  0.71811505  0.71982071  0.7205939   0.71669118  0.71834394
  0.71916609  0.71459422  0.71882572  0.71888673  0.71850356  0.72173858
  0.72055307  0.71817687  0.71917519  0.72159875  0.71731826  0.7176029
  0.72342051  0.72059134  0.71809533  0.7181393   0.71814355  0.7227026
  0.71770697  0.71926234  0.71931187  0.71806585  0.71774806  0.71785852
  0.72184003  0.71872291  0.71707447  0.72210967  0.7228648   0.71827324
  0.71655831  0.72296406  0.71911951  0.71799328]

Test errors: 
[ 0.77135333  0.75830721  0.75841103  0.75838696  0.76041666  0.75788914
  0.75767711  0.75220959  0.75551226  0.75566945  0.75575742  0.75849298
  0.75840985  0.75821367  0.76143049  0.75481426  0.76073961  0.76171245
  0.75777638  0.76233208  0.76039867  0.7576362   0.75844424  0.75770366
  0.75726061  0.75764275  0.75602469  0.75721289  0.7566459   0.75689717
  0.76226466  0.7624836   0.75527956  0.75620881  0.76311198  0.76103171
  0.75996276  0.76197115  0.76594033  0.75405848  0.75845761  0.75582281
  0.75795049  0.75863262  0.75851965  0.75922874  0.76770719  0.75507664
  0.76038719  0.75894478  0.76085325  0.75590727  0.75773595  0.75405654
  0.76002661  0.76328754  0.75811984  0.7621077   0.76167684  0.76082244
  0.75723101  0.76290849  0.75560722  0.75668302  0.75624595  0.75339995
  0.76398346  0.755083    0.75659306  0.76307477  0.76224045  0.7551457
  0.75761367  0.76011877  0.75730492  0.76079106  0.75895487  0.76485193
  0.75989749  0.76094617  0.76102075  0.76041766  0.75987291  0.76618274
  0.7570337   0.75727391  0.76266254  0.75700382  0.75685747  0.75084552
  0.75749118  0.75967707  0.75611857  0.76078794  0.76005411  0.75803296
  0.76716053  0.7643654   0.76305011  0.75783485  0.75901913  0.76285653
  0.76078715  0.76548162  0.7579223   0.75849004  0.76435353  0.75531839
  0.75653549  0.76092036  0.75819758  0.7582717   0.76549769  0.75784877
  0.75773348  0.76308813  0.75567812  0.7560114   0.76284146  0.75888669
  0.76156554  0.75905837  0.75950707  0.75716514  0.75425117  0.7524698
  0.76288609  0.75887733  0.75891057  0.76148429  0.7582532   0.75782307
  0.7578577   0.75453981  0.757858    0.75892225  0.7629512   0.75801396
  0.75996457  0.75833617  0.75834499  0.76183395  0.76021181  0.75915485
  0.75865596  0.7548001   0.7597539   0.75705024  0.75959716  0.76118473
  0.75976262  0.75513122  0.75699171  0.75847188  0.76380801  0.75352018
  0.76233217  0.75874575  0.76338831  0.75663477  0.76427888  0.75877292
  0.7598865   0.76189385  0.75977967  0.75847545  0.75658949  0.76226069
  0.76008207  0.75879023  0.76414719  0.75757234  0.76045647  0.75681058
  0.77123627  0.75883319  0.7584182   0.75934306  0.75549793  0.75493146
  0.76185326  0.75758132  0.76245575  0.76459072  0.76272109  0.75928803
  0.75638054  0.76151557  0.76175879  0.75570763  0.75839861  0.75355527
  0.76437377  0.75405062  0.75753235  0.75922436  0.75893308  0.75997756
  0.7571359   0.76158616  0.76399976  0.75925351  0.75700265  0.75287319
  0.7578292   0.75812105  0.76016196  0.76090034  0.75992744  0.76188931
  0.75579726  0.76256288  0.76247755  0.75971522  0.75974407  0.75939907
  0.75650813  0.76103382  0.76132804  0.75533369  0.75751778  0.75689121
  0.75889569  0.75887224  0.75628134  0.75852668  0.75939742  0.75936169
  0.76147938  0.75838872  0.75484648  0.76328468  0.76110622  0.75732713
  0.75919795  0.75999627  0.75782586  0.75849464  0.75897144  0.75896555
  0.76317813  0.76262594  0.75595763  0.76064926  0.7528049   0.75951603
  0.76026335  0.76532624  0.76022081  0.7576434   0.75990135  0.76017829
  0.75858018  0.76029802  0.75527565  0.75648814  0.76129692  0.76438237
  0.76020784  0.7598375   0.76207987  0.75918559  0.75892991  0.75951978
  0.76047114  0.76038758  0.7587228   0.76954186  0.75734234  0.76126899
  0.76169136  0.75632084  0.75414721  0.759724    0.75800893  0.75906918
  0.76023494  0.75742685  0.75957521  0.75674806  0.75706704  0.76383796
  0.75581565  0.75602257  0.75728331  0.75524776  0.75976036  0.75600033
  0.76655916  0.76060943  0.76345332  0.76322659  0.75945233  0.75804495
  0.756523    0.76386699  0.76673636  0.75885776]

Running times: 
[0.006105899810791016, 0.008083105087280273, 0.009669065475463867, 0.013656139373779297, 0.01654505729675293, 0.012927055358886719, 0.019079923629760742, 0.023267030715942383, 0.019002914428710938, 0.030113935470581055, 0.029792070388793945, 0.03526115417480469, 0.0304720401763916, 0.03809309005737305, 0.03125786781311035, 0.029330015182495117, 0.03361201286315918, 0.039047956466674805, 0.04027390480041504, 0.04201102256774902, 0.032731056213378906, 0.023080110549926758, 0.025861024856567383, 0.022956132888793945, 0.043920040130615234, 0.02805185317993164, 0.023813962936401367, 0.02492809295654297, 0.024420976638793945, 0.024580001831054688, 0.02886509895324707, 0.02923893928527832, 0.031764984130859375, 0.03504800796508789, 0.027374982833862305, 0.04474806785583496, 0.043639183044433594, 0.030550003051757812, 0.027556896209716797, 0.034338951110839844, 0.043869972229003906, 0.03550601005554199, 0.03212618827819824, 0.03637504577636719, 0.02518320083618164, 0.02480483055114746, 0.04691314697265625, 0.04882001876831055, 0.04123115539550781, 0.03377509117126465, 0.030904054641723633, 0.025489091873168945, 0.02352595329284668, 0.023962020874023438, 0.028642892837524414, 0.035234928131103516, 0.03622317314147949, 0.041198015213012695, 0.02695298194885254, 0.03354215621948242, 0.039843082427978516, 0.0343477725982666, 0.02422308921813965, 0.033493995666503906, 0.036125898361206055, 0.035225868225097656, 0.036012887954711914, 0.03350210189819336, 0.03192400932312012, 0.026443958282470703, 0.03560304641723633, 0.029677867889404297, 0.021532058715820312, 0.03627490997314453, 0.03626394271850586, 0.02954387664794922, 0.03699803352355957, 0.038583993911743164, 0.038787841796875, 0.03670096397399902, 0.04138517379760742, 0.04357099533081055, 0.02987194061279297, 0.03476285934448242, 0.03615093231201172, 0.029874086380004883, 0.026774168014526367, 0.046994924545288086, 0.033660888671875, 0.030404090881347656, 0.03839516639709473, 0.03397011756896973, 0.031154870986938477, 0.03736615180969238, 0.030575037002563477, 0.02967095375061035, 0.03947114944458008, 0.04521679878234863, 0.035431861877441406, 0.04470396041870117, 0.03594517707824707, 0.046858787536621094, 0.03280997276306152, 0.037106990814208984, 0.047705888748168945, 0.03403496742248535, 0.04108905792236328, 0.026546001434326172, 0.024221181869506836, 0.03646516799926758, 0.034156084060668945, 0.028074026107788086, 0.04742002487182617, 0.023767948150634766, 0.041600942611694336, 0.02858591079711914, 0.02733898162841797, 0.03651905059814453, 0.04921984672546387, 0.03435015678405762, 0.0399320125579834, 0.03621411323547363, 0.027554988861083984, 0.02920818328857422, 0.0201261043548584, 0.023453950881958008, 0.04260396957397461, 0.036737918853759766, 0.04115605354309082, 0.04489898681640625, 0.04501605033874512, 0.03733515739440918, 0.04364800453186035, 0.03198099136352539, 0.02245306968688965, 0.03484296798706055, 0.04247307777404785, 0.046105146408081055, 0.02116107940673828, 0.0257871150970459, 0.048506975173950195, 0.04617905616760254, 0.03628420829772949, 0.03474092483520508, 0.03579878807067871, 0.028567075729370117, 0.04341316223144531, 0.03233003616333008, 0.03279304504394531, 0.04864001274108887, 0.04306483268737793, 0.026367902755737305, 0.030189037322998047, 0.0291440486907959, 0.04054594039916992, 0.04746699333190918, 0.0486299991607666, 0.040574073791503906, 0.03509187698364258, 0.02245783805847168, 0.03788304328918457, 0.03472900390625, 0.03432798385620117, 0.03954792022705078, 0.03063797950744629, 0.028439998626708984, 0.03277111053466797, 0.026539087295532227, 0.04124021530151367, 0.028282880783081055, 0.025554895401000977, 0.024688005447387695, 0.028157949447631836, 0.04923510551452637, 0.0231170654296875, 0.029612064361572266, 0.033215999603271484, 0.0266110897064209, 0.03640389442443848, 0.02289605140686035, 0.04129505157470703, 0.033267974853515625, 0.03355693817138672, 0.029492855072021484, 0.0334019660949707, 0.04309988021850586, 0.03768610954284668, 0.031167984008789062, 0.03620004653930664, 0.03360700607299805, 0.036225080490112305, 0.04117298126220703, 0.044816017150878906, 0.025764942169189453, 0.03738594055175781, 0.026641845703125, 0.021069049835205078, 0.03303980827331543, 0.03262519836425781, 0.02795100212097168, 0.031243085861206055, 0.022789955139160156, 0.03644609451293945, 0.043727874755859375, 0.036293983459472656, 0.030666828155517578, 0.026571035385131836, 0.03639101982116699, 0.03289198875427246, 0.026229143142700195, 0.02487015724182129, 0.05628800392150879, 0.02739095687866211, 0.042510986328125, 0.04309821128845215, 0.03275012969970703, 0.04536890983581543, 0.0320439338684082, 0.041990041732788086, 0.0436551570892334, 0.034490108489990234, 0.021112918853759766, 0.039501190185546875, 0.033975839614868164, 0.03764510154724121, 0.035856008529663086, 0.03245997428894043, 0.02280402183532715, 0.03399801254272461, 0.040986061096191406, 0.03536701202392578, 0.05581998825073242, 0.04960894584655762, 0.031132936477661133, 0.04492616653442383, 0.03746485710144043, 0.025291919708251953, 0.04826211929321289, 0.042220115661621094, 0.03647303581237793, 0.048538923263549805, 0.04175710678100586, 0.044450998306274414, 0.03860807418823242, 0.030261993408203125, 0.026468992233276367, 0.02854013442993164, 0.045018911361694336, 0.034258127212524414, 0.04861307144165039, 0.04560089111328125, 0.04334211349487305, 0.031646013259887695, 0.038887977600097656, 0.0343780517578125, 0.0388638973236084, 0.054579973220825195, 0.050279855728149414, 0.026729106903076172, 0.03558492660522461, 0.03814506530761719, 0.0318150520324707, 0.03615093231201172, 0.03859400749206543, 0.04175877571105957, 0.036103010177612305, 0.028278112411499023, 0.038620948791503906, 0.04151511192321777, 0.03767704963684082, 0.03522896766662598, 0.0328061580657959, 0.032254934310913086, 0.036158084869384766, 0.03453683853149414, 0.036427974700927734, 0.05144906044006348, 0.049041032791137695, 0.03539896011352539, 0.03466606140136719, 0.030983924865722656, 0.03504490852355957, 0.026443958282470703, 0.023298978805541992, 0.03306007385253906, 0.032582998275756836, 0.028361082077026367, 0.03662896156311035, 0.0433650016784668, 0.03928112983703613, 0.040621042251586914, 0.03875589370727539, 0.03859400749206543, 0.03760886192321777, 0.037767887115478516, 0.03157401084899902, 0.035614013671875, 0.0579071044921875]