*********** Attributes (10-11) **********

Train errors: 
[ 0.62787822  0.62856161  0.62829168  0.62522992  0.62700352  0.62499832
  0.62598302  0.6263286   0.63327053  0.62920506  0.63211137  0.63546332
  0.6270553   0.62785098  0.62736468  0.63186687  0.63287152  0.63411979
  0.62929925  0.63169433  0.63255857  0.62632528  0.63025244  0.63040381
  0.62632925  0.62966618  0.62736972  0.62712676  0.63732968  0.62994047
  0.63088131  0.62656352  0.63132523  0.63160264  0.6259317   0.6279375
  0.62940865  0.62964964  0.63127163  0.62990722  0.62644915  0.63065076
  0.62791586  0.62722876  0.63274622  0.62706362  0.62836012  0.62633949
  0.62691703  0.62619496  0.63077572  0.62929056  0.63573506  0.6256506
  0.62940107  0.62845443  0.63987849  0.62783823  0.63509421  0.6324284
  0.63132375  0.62504191  0.62753374  0.6266485   0.62890796  0.6313991
  0.62683289  0.63527897  0.63280679  0.62883     0.62630743  0.62804727
  0.62640135  0.62894665  0.63105771  0.63534484  0.62999976  0.63239975
  0.62907481  0.62909848  0.630653    0.62992985  0.63084658  0.62847302
  0.63023073  0.62856485  0.62811535  0.6274705   0.63148427  0.63117265
  0.6263504   0.63049197  0.62957757  0.63432121  0.6315951   0.63013786
  0.62908969  0.63714742  0.6280796   0.63145363  0.63324163  0.62747551
  0.62610551  0.63699895  0.62953151  0.62725116  0.63087702  0.63049297
  0.6314821   0.63016483  0.63449738  0.62985752  0.62799076  0.62933371
  0.62913687  0.63271078  0.62725003  0.62886144  0.63436665  0.62985779
  0.63598253  0.62992789  0.63463976  0.63769473  0.62700605  0.62991672
  0.62526889  0.63461168  0.63005079  0.63119391  0.63069581  0.62946221
  0.63397452  0.63127012  0.62723999  0.63107128  0.63092463  0.63417814
  0.62587252  0.62969959  0.62832177  0.63100589  0.62931611  0.62775402
  0.62923125  0.62667776  0.63446229  0.6275155   0.63499277  0.62721311
  0.63103483  0.63170681  0.63953289  0.63542847  0.62470682  0.63303756
  0.6325033   0.62852302  0.62603708  0.62465771  0.63023733  0.62588884
  0.62935555  0.62873538  0.63653422  0.62860828  0.63206023  0.6290608
  0.63773372  0.63060407  0.627313    0.63031516  0.62948199  0.62840847
  0.63013986  0.62704612  0.63167041  0.63190391  0.62659174  0.63283024
  0.63011606  0.62729422  0.62783235  0.62982674  0.63131889  0.6303478
  0.63329341  0.63210621  0.62769195  0.63238855  0.62904604  0.62926559
  0.63544025  0.62804749  0.62949947  0.62699659  0.62839057  0.62987877
  0.63449878  0.63044835  0.63060358  0.6281567   0.63427522  0.63292637
  0.62786207  0.6307455   0.62671666  0.628931    0.63223875  0.62615253
  0.63467619  0.62532734  0.63459709  0.62740341  0.62940213  0.62717959
  0.62767561  0.6298841   0.63274887  0.62792502  0.6238841   0.6291653
  0.63758074  0.63012609  0.6268647   0.63207928  0.62987436  0.62860812
  0.62929181  0.62925708  0.62844157  0.62870458  0.63131293  0.63407885
  0.62766814  0.63117274  0.63041393  0.62636676  0.63087441  0.62912174
  0.63129098  0.63465022  0.63033882  0.63138077  0.63528087  0.62866621
  0.63429053  0.63632494  0.63207271  0.62775404  0.63074565  0.62778696
  0.62915059  0.63613012  0.6306372   0.62861174  0.62497168  0.63227207
  0.63330846  0.62836803  0.62764578  0.62879761  0.63326687  0.63219042
  0.634596    0.62909786  0.62629241  0.62672398  0.62763262  0.63508503
  0.62976176  0.62882897  0.63243688  0.63035801  0.62905316  0.63014123
  0.63187012  0.6284542   0.62753819  0.62405283  0.62802114  0.6280635
  0.63604429  0.62427292  0.63188615  0.62930727  0.63229498  0.62986901
  0.62800498  0.62576226  0.62924084  0.63042697  0.62627392  0.63182202
  0.62648012  0.63169922  0.63088777  0.63481101]

Test errors: 
[ 0.63976424  0.63257479  0.63146587  0.63266331  0.6371572   0.63055989
  0.64061827  0.63302023  0.64911944  0.64453158  0.65163823  0.65374092
  0.63934224  0.64767646  0.63337176  0.63731811  0.65278354  0.64530423
  0.64836003  0.64215092  0.64159408  0.63972143  0.64112411  0.64315882
  0.63199515  0.6392062   0.6397839   0.64180837  0.64771888  0.6449007
  0.64687815  0.63601646  0.63854488  0.6400648   0.63952155  0.64685565
  0.6358547   0.64490418  0.65315736  0.64466711  0.64114542  0.64989627
  0.63863834  0.64248416  0.64752025  0.64127382  0.63789855  0.63991619
  0.64080392  0.64569613  0.64060203  0.64493093  0.64789115  0.63183456
  0.64322593  0.63607948  0.65977151  0.63291796  0.6558821   0.65063731
  0.63930878  0.64090927  0.63861015  0.63753029  0.6353503   0.64387046
  0.63850863  0.65189479  0.64706102  0.65071973  0.64396573  0.6316872
  0.63460424  0.64063906  0.64357341  0.64700079  0.64939112  0.64557826
  0.63561951  0.64924872  0.6392503   0.63851073  0.64384989  0.63144623
  0.64683382  0.63485194  0.63844369  0.6365453   0.64274921  0.6403943
  0.63853287  0.63947773  0.63840406  0.65590753  0.63940269  0.63847556
  0.64716907  0.64788229  0.64089212  0.65112111  0.6490325   0.63743779
  0.63682121  0.64841504  0.63850327  0.63474071  0.64110774  0.63871581
  0.64467045  0.63816769  0.64773519  0.65061066  0.63834016  0.64426914
  0.6459023   0.64718159  0.64569799  0.64316188  0.64931121  0.64420848
  0.6534794   0.6392473   0.64751735  0.65072593  0.63798376  0.64394678
  0.63968856  0.64218091  0.63767405  0.6442585   0.64216688  0.64504005
  0.65473064  0.65050976  0.63807242  0.64370611  0.6489466   0.6426651
  0.64049967  0.62786423  0.64469322  0.64072419  0.64293824  0.64367985
  0.63770741  0.63633849  0.64933429  0.63973634  0.64638679  0.63992441
  0.6423669   0.65793792  0.649164    0.65217591  0.64010682  0.6551227
  0.64727301  0.63883286  0.64504045  0.63134294  0.63572112  0.63567961
  0.64700899  0.64138781  0.6447723   0.64337934  0.63494398  0.64531879
  0.64692947  0.64687798  0.65220406  0.64523626  0.63917042  0.63913273
  0.63831329  0.63404607  0.6388654   0.64828171  0.63107113  0.64485672
  0.65158085  0.64026344  0.6439275   0.64586336  0.65056814  0.64047164
  0.64307796  0.64147051  0.64224135  0.64587135  0.64466407  0.64469551
  0.64131016  0.64517342  0.63803449  0.63652399  0.63806059  0.64124244
  0.64365015  0.65020363  0.64021596  0.63464314  0.65061388  0.64504749
  0.64126932  0.63566674  0.63659609  0.64266014  0.64269864  0.64134752
  0.65432823  0.63839264  0.64235519  0.64601065  0.64139749  0.6469173
  0.63774345  0.63854357  0.64177243  0.64566328  0.63416302  0.6412078
  0.64682843  0.64185717  0.64374302  0.64215689  0.64230585  0.64634186
  0.64150567  0.64092656  0.63818893  0.64731883  0.63364956  0.64100394
  0.64465724  0.64862796  0.64661654  0.63955824  0.6436653   0.64467336
  0.64126901  0.64641523  0.64623942  0.64673926  0.64767849  0.63720637
  0.64206376  0.64940252  0.65016933  0.64746515  0.64139543  0.63788299
  0.63855707  0.65067654  0.65005792  0.64159065  0.63126893  0.64538993
  0.65672207  0.63634552  0.64173666  0.63863637  0.64864354  0.64357616
  0.64423238  0.63780234  0.64584243  0.63793305  0.63801571  0.6479289
  0.64090249  0.63609088  0.63927082  0.64312689  0.65381131  0.64240843
  0.65346266  0.6431851   0.63734389  0.6321265   0.63816058  0.6391968
  0.64580111  0.63375878  0.63745832  0.64514947  0.64764586  0.6492403
  0.63983639  0.63315117  0.6489042   0.64407995  0.64061594  0.65012017
  0.64106856  0.64907379  0.6398384   0.64256319]

Running times: 
[0.0056610107421875, 0.008005142211914062, 0.010705947875976562, 0.013281106948852539, 0.015959978103637695, 0.0186460018157959, 0.017127037048339844, 0.023617029190063477, 0.022190093994140625, 0.01914501190185547, 0.025665998458862305, 0.024918079376220703, 0.03491997718811035, 0.0372469425201416, 0.029989957809448242, 0.0269010066986084, 0.021481990814208984, 0.02887105941772461, 0.02607893943786621, 0.022493839263916016, 0.031579017639160156, 0.016860008239746094, 0.026237964630126953, 0.025926828384399414, 0.01867198944091797, 0.02199411392211914, 0.024836063385009766, 0.031511783599853516, 0.0310819149017334, 0.03830099105834961, 0.026141881942749023, 0.024327993392944336, 0.025094032287597656, 0.01638197898864746, 0.024708986282348633, 0.0213620662689209, 0.019898176193237305, 0.030440092086791992, 0.029644012451171875, 0.026654958724975586, 0.02686905860900879, 0.023186922073364258, 0.034481048583984375, 0.039613962173461914, 0.02911090850830078, 0.027955055236816406, 0.019769906997680664, 0.025460004806518555, 0.02001214027404785, 0.02330303192138672, 0.017678022384643555, 0.025751113891601562, 0.02260112762451172, 0.025252103805541992, 0.026716947555541992, 0.019566059112548828, 0.023155927658081055, 0.02318716049194336, 0.017740964889526367, 0.026314973831176758, 0.026449918746948242, 0.03579902648925781, 0.027317047119140625, 0.026073932647705078, 0.021868228912353516, 0.020206928253173828, 0.02443695068359375, 0.026955127716064453, 0.026429176330566406, 0.041146039962768555, 0.03033900260925293, 0.021932125091552734, 0.033238887786865234, 0.03567695617675781, 0.03258204460144043, 0.035482168197631836, 0.031786203384399414, 0.029694080352783203, 0.019392013549804688, 0.04046201705932617, 0.0315098762512207, 0.021900177001953125, 0.02283191680908203, 0.02603602409362793, 0.04921889305114746, 0.024821043014526367, 0.03648710250854492, 0.036926984786987305, 0.029504060745239258, 0.02597212791442871, 0.023934125900268555, 0.031102895736694336, 0.03652000427246094, 0.020233869552612305, 0.017717838287353516, 0.019028902053833008, 0.030022859573364258, 0.021806001663208008, 0.03241610527038574, 0.029846906661987305, 0.031070947647094727, 0.02101421356201172, 0.03254294395446777, 0.021754026412963867, 0.024691104888916016, 0.02440786361694336, 0.028474092483520508, 0.02041006088256836, 0.022485017776489258, 0.028626203536987305, 0.028208017349243164, 0.03774595260620117, 0.031091928482055664, 0.03303122520446777, 0.029745817184448242, 0.02478790283203125, 0.028839826583862305, 0.029454946517944336, 0.023148775100708008, 0.01658320426940918, 0.033779144287109375, 0.01509404182434082, 0.024203062057495117, 0.028004884719848633, 0.04064297676086426, 0.027122974395751953, 0.0260469913482666, 0.030162811279296875, 0.03047800064086914, 0.023765087127685547, 0.040823936462402344, 0.01758599281311035, 0.03279399871826172, 0.02971196174621582, 0.026558876037597656, 0.022609949111938477, 0.018390893936157227, 0.02224898338317871, 0.02328205108642578, 0.021743059158325195, 0.01636505126953125, 0.016344070434570312, 0.029540061950683594, 0.02507305145263672, 0.018517017364501953, 0.018390893936157227, 0.027888059616088867, 0.03538799285888672, 0.023010969161987305, 0.03222513198852539, 0.023510217666625977, 0.024866819381713867, 0.020183086395263672, 0.02412104606628418, 0.029547929763793945, 0.020980119705200195, 0.027354001998901367, 0.032560110092163086, 0.023967981338500977, 0.027400970458984375, 0.03519010543823242, 0.025880098342895508, 0.03362679481506348, 0.023456811904907227, 0.020619869232177734, 0.039669036865234375, 0.02639007568359375, 0.02332592010498047, 0.03228592872619629, 0.039263010025024414, 0.036184072494506836, 0.03642010688781738, 0.021697998046875, 0.025053977966308594, 0.02398514747619629, 0.03163886070251465, 0.03603386878967285, 0.019423961639404297, 0.01597309112548828, 0.0251009464263916, 0.017706871032714844, 0.01409912109375, 0.025805950164794922, 0.020228862762451172, 0.042138099670410156, 0.02714681625366211, 0.021770000457763672, 0.02259993553161621, 0.03013300895690918, 0.02615499496459961, 0.025112152099609375, 0.025084972381591797, 0.022290945053100586, 0.028506040573120117, 0.026836872100830078, 0.03122997283935547, 0.026992082595825195, 0.01865100860595703, 0.029074907302856445, 0.03431105613708496, 0.02197098731994629, 0.03141903877258301, 0.021365880966186523, 0.028088092803955078, 0.020318031311035156, 0.02744579315185547, 0.02535104751586914, 0.03846383094787598, 0.01768207550048828, 0.031529903411865234, 0.025697946548461914, 0.02069878578186035, 0.017838001251220703, 0.017742156982421875, 0.026510953903198242, 0.023884057998657227, 0.032464027404785156, 0.021086931228637695, 0.03675198554992676, 0.022389888763427734, 0.024951934814453125, 0.025227069854736328, 0.024231910705566406, 0.02538299560546875, 0.026340961456298828, 0.02355790138244629, 0.03462505340576172, 0.03839111328125, 0.021355152130126953, 0.017856121063232422, 0.022479772567749023, 0.02000904083251953, 0.027810096740722656, 0.031736135482788086, 0.016829967498779297, 0.022989988327026367, 0.031420230865478516, 0.023443937301635742, 0.02107691764831543, 0.023808002471923828, 0.019830942153930664, 0.019734859466552734, 0.02702808380126953, 0.03443598747253418, 0.03119683265686035, 0.023346900939941406, 0.024492979049682617, 0.03648805618286133, 0.02867603302001953, 0.026295185089111328, 0.03515195846557617, 0.01778411865234375, 0.021661996841430664, 0.02202892303466797, 0.018149137496948242, 0.020884037017822266, 0.026420116424560547, 0.03148913383483887, 0.02147197723388672, 0.021823883056640625, 0.029304027557373047, 0.021652936935424805, 0.020972013473510742, 0.03378605842590332, 0.02408003807067871, 0.021338939666748047, 0.027291059494018555, 0.018043994903564453, 0.035865068435668945, 0.034152984619140625, 0.04062700271606445, 0.028110980987548828, 0.026453018188476562, 0.02378082275390625, 0.031877994537353516, 0.02560710906982422, 0.029015064239501953, 0.030969858169555664, 0.028575897216796875, 0.02534198760986328, 0.028614044189453125, 0.03634786605834961, 0.019953012466430664, 0.021275997161865234, 0.019251108169555664, 0.0252838134765625, 0.03166389465332031, 0.02536606788635254, 0.0346071720123291, 0.01600503921508789, 0.014074087142944336, 0.0233461856842041, 0.021439075469970703, 0.018101930618286133, 0.023953914642333984, 0.02896595001220703, 0.027650117874145508, 0.028158187866210938]