*********** Attributes (3-4) **********

Train errors: 
[ 0.74146661  0.73961698  0.73410432  0.73841344  0.74132815  0.74491385
  0.74378813  0.74838158  0.74300491  0.74255666  0.74486379  0.74549097
  0.74551551  0.74455095  0.74689921  0.74978044  0.7394068   0.74527582
  0.73913265  0.75177153  0.74866335  0.7407496   0.75414576  0.74352298
  0.74390976  0.75161986  0.74771442  0.74991301  0.75288819  0.75046622
  0.74882755  0.74527885  0.74742498  0.7440863   0.74357745  0.74441102
  0.74954393  0.74647329  0.74772265  0.74509173  0.74541787  0.74678634
  0.74866492  0.74922974  0.74234871  0.74178696  0.74342506  0.7478221
  0.7485471   0.74654008  0.74873455  0.74695127  0.75094049  0.74228568
  0.75048231  0.75365272  0.74685493  0.74778801  0.74281476  0.75014517
  0.74558235  0.74756165  0.74042091  0.74514755  0.74804474  0.74507252
  0.74896704  0.74732084  0.74302618  0.7470765   0.74987683  0.74775934
  0.74774437  0.74873326  0.7419679   0.74808843  0.74446828  0.7448525
  0.74657109  0.74400844  0.75147025  0.74740367  0.74438487  0.74303249
  0.74538038  0.74705893  0.75199749  0.74760761  0.74209413  0.74115716
  0.74629365  0.75054924  0.74933692  0.74671844  0.74576861  0.74718742
  0.74295317  0.74748349  0.7430737   0.74522588  0.7436737   0.7450878
  0.74915504  0.74909968  0.74587315  0.75070814  0.74766015  0.7495438
  0.74324455  0.74606224  0.74337549  0.74601906  0.74003121  0.74846296
  0.74759566  0.74780292  0.74844243  0.7464581   0.75021401  0.75174985
  0.74636451  0.74645903  0.74824814  0.74946318  0.74401178  0.74591822
  0.74302265  0.75106337  0.74564702  0.74570638  0.74384033  0.74755864
  0.75375786  0.75242507  0.74952201  0.74269194  0.74429738  0.74263938
  0.74364462  0.74268039  0.74691319  0.75022275  0.74608614  0.75004607
  0.7455537   0.75400554  0.7445196   0.75251726  0.74380116  0.74736142
  0.747344    0.74933955  0.7424491   0.74409916  0.74740079  0.75172683
  0.74919428  0.74953686  0.75155241  0.74948461  0.75082107  0.74849823
  0.74904915  0.74653417  0.74460297  0.74350143  0.7469818   0.75047649
  0.74497684  0.74860406  0.75213695  0.7455979   0.74542815  0.74785078
  0.74625006  0.74880271  0.74559567  0.75176465  0.7450631   0.74190432
  0.74621394  0.74410306  0.7426054   0.74506856  0.74344287  0.75098506
  0.74250737  0.7464127   0.7428511   0.74598372  0.7479051   0.7526207
  0.74465078  0.74575466  0.7499788   0.7510997   0.75023364  0.74915646
  0.75046086  0.74981659  0.74917408  0.74686042  0.74173766  0.74470066
  0.74573886  0.75412876  0.7475873   0.74710979  0.75022034  0.75085382
  0.74659134  0.74787811  0.74931579  0.74886631  0.7504059   0.74426539
  0.74547324  0.74556952  0.74666713  0.74743938  0.75109953  0.74263853
  0.74724669  0.75008349  0.74954313  0.74332044  0.7428427   0.7504232
  0.7446494   0.74840568  0.74713537  0.74312599  0.74806218  0.74902227
  0.74610308  0.74345917  0.74223966  0.75052383  0.7449533   0.74559027
  0.74418359  0.74999467  0.74927691  0.74723891  0.74294298  0.74465426
  0.74830776  0.74957611  0.74326467  0.75212434  0.74689981  0.74934305
  0.74875666  0.74508115  0.74310186  0.74453659  0.74196068  0.7448856
  0.74427578  0.74843328  0.7421597   0.74721985  0.74617085  0.7584513
  0.74454933  0.75036205  0.74369323  0.7483931   0.74367832  0.74652933
  0.74896855  0.74835784  0.74630363  0.74479673  0.75380386  0.74135282
  0.73955713  0.75440459  0.74340717  0.74649678  0.74986893  0.74054928
  0.74687246  0.74673931  0.74636299  0.74619294  0.74779881  0.74275971
  0.74418359  0.74655492  0.7507292   0.75203128  0.74506647  0.74600869
  0.75112341  0.74577937  0.75031224  0.74664089]

Test errors: 
[ 0.79127265  0.7816859   0.77742515  0.77740571  0.78655739  0.79405366
  0.78833168  0.79211576  0.79103585  0.7910311   0.79388771  0.79515827
  0.79550345  0.78963701  0.79397197  0.79760506  0.78841388  0.79910305
  0.78036857  0.79922143  0.79729795  0.79472285  0.79414174  0.79283239
  0.79268465  0.8015745   0.79146986  0.79819729  0.79894684  0.79744582
  0.79533719  0.79932741  0.79337228  0.79589047  0.79383225  0.79196976
  0.79418279  0.79693401  0.79826246  0.7977511   0.79332086  0.79462203
  0.79913331  0.79803338  0.79178673  0.79540337  0.79505448  0.79671139
  0.79719478  0.79384422  0.79549739  0.79233195  0.79745959  0.78874986
  0.79543873  0.79961986  0.79033405  0.79234299  0.79601749  0.79996471
  0.79504503  0.79004902  0.79015516  0.7965666   0.79040043  0.79019843
  0.79415354  0.79417388  0.79535544  0.7927012   0.79834985  0.79253981
  0.79330083  0.79887715  0.78625936  0.79394328  0.79698366  0.79481953
  0.79213804  0.79403814  0.7973941   0.79477453  0.78877773  0.79495759
  0.79734118  0.79611729  0.7999331   0.79846849  0.79480479  0.78980232
  0.79722296  0.79927095  0.79527797  0.79524555  0.79520753  0.79531806
  0.79542116  0.79989222  0.79245299  0.79004621  0.79494025  0.79758294
  0.79409816  0.79219701  0.79525999  0.79944354  0.79278844  0.79806884
  0.78931687  0.79293591  0.79339895  0.7916245   0.78638015  0.79447371
  0.79167646  0.79542318  0.79260394  0.79439403  0.79993932  0.79702615
  0.7996903   0.79368081  0.79621075  0.796482    0.79425406  0.79314579
  0.79244139  0.79410888  0.7929704   0.79833281  0.79257147  0.79656914
  0.80258589  0.80110576  0.79597911  0.79093843  0.79458621  0.79609858
  0.79536245  0.78885932  0.79758052  0.79971453  0.79269359  0.79354006
  0.79365395  0.80272931  0.78814492  0.79779167  0.79774189  0.79593696
  0.79866457  0.79804237  0.79288915  0.79234835  0.79120509  0.80301531
  0.80335621  0.79717182  0.79282355  0.80144103  0.79834614  0.79593658
  0.79794486  0.79508905  0.7935292   0.79185673  0.79546815  0.79894131
  0.79116786  0.79343841  0.79856773  0.7956691   0.79435109  0.79008325
  0.79555033  0.793566    0.79424393  0.7982502   0.7909526   0.79138106
  0.79574332  0.79714356  0.79280777  0.79043322  0.79254953  0.79692176
  0.79198258  0.79354399  0.79477333  0.78873412  0.79507117  0.79988349
  0.7947774   0.79750622  0.79688917  0.79910507  0.79707255  0.79741087
  0.80210612  0.79993486  0.80092449  0.79580184  0.79335367  0.7931097
  0.79447064  0.80089389  0.79542508  0.79565811  0.79495358  0.79824086
  0.79363372  0.79555687  0.79841836  0.79911477  0.80134191  0.78882023
  0.79896457  0.79240478  0.79788775  0.7927974   0.80168397  0.79208494
  0.79680682  0.79769696  0.79769696  0.79162476  0.79118158  0.80000278
  0.79552357  0.79807516  0.80172985  0.78981273  0.79408766  0.79790249
  0.79417597  0.79041094  0.79040007  0.79611486  0.79694142  0.79214262
  0.79747824  0.79754157  0.79766534  0.7976101   0.79595608  0.79893572
  0.79572499  0.79421853  0.79034374  0.80092066  0.79570702  0.8007279
  0.79669747  0.79479899  0.78943504  0.79323766  0.78880499  0.78912748
  0.79088753  0.79461264  0.79149127  0.79449323  0.79322818  0.80303732
  0.78966468  0.79611059  0.79077307  0.79720598  0.7940472   0.79749986
  0.79772591  0.79333048  0.79287562  0.79509509  0.79816797  0.79062093
  0.78739562  0.79900439  0.79027756  0.79228929  0.79951166  0.78666855
  0.79419949  0.79786417  0.79546877  0.79410494  0.79363032  0.79787535
  0.79126929  0.79739778  0.79996878  0.79817843  0.79385094  0.79437808
  0.79902086  0.79344095  0.79441227  0.79317409]

Running times: 
[0.006206989288330078, 0.008856058120727539, 0.010596990585327148, 0.016901016235351562, 0.019873857498168945, 0.0182950496673584, 0.02642202377319336, 0.027296066284179688, 0.03311300277709961, 0.026823997497558594, 0.038810014724731445, 0.03772687911987305, 0.04600787162780762, 0.035440921783447266, 0.05019688606262207, 0.037065982818603516, 0.03481411933898926, 0.055088043212890625, 0.03441190719604492, 0.038125038146972656, 0.03789997100830078, 0.041246891021728516, 0.0750730037689209, 0.03857707977294922, 0.03814101219177246, 0.0644690990447998, 0.04842996597290039, 0.04144787788391113, 0.0421910285949707, 0.03495287895202637, 0.04653501510620117, 0.042057037353515625, 0.04396796226501465, 0.04622387886047363, 0.04041099548339844, 0.04255104064941406, 0.04813504219055176, 0.04294419288635254, 0.06476593017578125, 0.030781984329223633, 0.046195030212402344, 0.03873491287231445, 0.04999184608459473, 0.047418832778930664, 0.036147117614746094, 0.0412750244140625, 0.037796974182128906, 0.04870104789733887, 0.038591861724853516, 0.05217099189758301, 0.05124211311340332, 0.04436302185058594, 0.02606797218322754, 0.03936314582824707, 0.04019594192504883, 0.05168604850769043, 0.03703784942626953, 0.038511037826538086, 0.03753209114074707, 0.04918313026428223, 0.04283499717712402, 0.03943204879760742, 0.033306121826171875, 0.05080294609069824, 0.04593515396118164, 0.04182791709899902, 0.04158306121826172, 0.03560686111450195, 0.03703188896179199, 0.06093311309814453, 0.08272480964660645, 0.03208494186401367, 0.04042482376098633, 0.05089688301086426, 0.04598712921142578, 0.04556918144226074, 0.04322314262390137, 0.04816699028015137, 0.03800487518310547, 0.05513501167297363, 0.05372285842895508, 0.031623125076293945, 0.03347492218017578, 0.03347492218017578, 0.03185296058654785, 0.041967153549194336, 0.04289603233337402, 0.03855395317077637, 0.052197933197021484, 0.029812097549438477, 0.04502415657043457, 0.03937196731567383, 0.045799970626831055, 0.0562589168548584, 0.0358729362487793, 0.060214996337890625, 0.03622293472290039, 0.043779850006103516, 0.05369997024536133, 0.03551602363586426, 0.03752422332763672, 0.03884291648864746, 0.046250104904174805, 0.048707008361816406, 0.04361605644226074, 0.0710299015045166, 0.06103682518005371, 0.02902984619140625, 0.03915715217590332, 0.05125904083251953, 0.05698895454406738, 0.04667496681213379, 0.03278613090515137, 0.03704380989074707, 0.06281709671020508, 0.03514981269836426, 0.04203319549560547, 0.04112696647644043, 0.04546308517456055, 0.05702400207519531, 0.044404029846191406, 0.03051614761352539, 0.03627490997314453, 0.04273581504821777, 0.04442000389099121, 0.047334909439086914, 0.037573814392089844, 0.05702090263366699, 0.03667187690734863, 0.055950164794921875, 0.042407989501953125, 0.037782907485961914, 0.04879403114318848, 0.05503511428833008, 0.04277300834655762, 0.03819012641906738, 0.02888202667236328, 0.0347139835357666, 0.03829693794250488, 0.04576301574707031, 0.0357661247253418, 0.05062103271484375, 0.032982826232910156, 0.0614161491394043, 0.07457613945007324, 0.0649418830871582, 0.045065879821777344, 0.03961896896362305, 0.030872821807861328, 0.03952908515930176, 0.03407478332519531, 0.07753181457519531, 0.04609799385070801, 0.039222002029418945, 0.035624027252197266, 0.06494402885437012, 0.05611586570739746, 0.036524057388305664, 0.052851200103759766, 0.05736184120178223, 0.029859066009521484, 0.0340580940246582, 0.03966403007507324, 0.05098915100097656, 0.03427410125732422, 0.04031014442443848, 0.051199913024902344, 0.03853893280029297, 0.040464162826538086, 0.05440020561218262, 0.04972386360168457, 0.036399126052856445, 0.04200911521911621, 0.030356884002685547, 0.051213979721069336, 0.05005383491516113, 0.03347897529602051, 0.04932904243469238, 0.04861116409301758, 0.03373980522155762, 0.04508399963378906, 0.04283785820007324, 0.03660917282104492, 0.025336027145385742, 0.029057025909423828, 0.03502798080444336, 0.02873086929321289, 0.03541111946105957, 0.04421806335449219, 0.039031028747558594, 0.024564027786254883, 0.0473330020904541, 0.030827045440673828, 0.04612398147583008, 0.038233041763305664, 0.03713202476501465, 0.0457460880279541, 0.06746792793273926, 0.04282999038696289, 0.04983687400817871, 0.03815102577209473, 0.040158987045288086, 0.04133200645446777, 0.043456077575683594, 0.05237913131713867, 0.04331398010253906, 0.0462498664855957, 0.047077178955078125, 0.03833317756652832, 0.028761863708496094, 0.03574085235595703, 0.03329205513000488, 0.04899191856384277, 0.04580187797546387, 0.047612905502319336, 0.055010080337524414, 0.03980588912963867, 0.03318309783935547, 0.052535057067871094, 0.044999122619628906, 0.04019808769226074, 0.04746699333190918, 0.047586917877197266, 0.05513119697570801, 0.039405107498168945, 0.037214040756225586, 0.0416109561920166, 0.0404510498046875, 0.0500948429107666, 0.06196308135986328, 0.03199601173400879, 0.0368800163269043, 0.03628396987915039, 0.051434993743896484, 0.04102802276611328, 0.03246784210205078, 0.03469991683959961, 0.03368878364562988, 0.0420229434967041, 0.03946685791015625, 0.03337812423706055, 0.04780006408691406, 0.04722404479980469, 0.04246807098388672, 0.04648399353027344, 0.030517101287841797, 0.04749011993408203, 0.047306060791015625, 0.04952406883239746, 0.03973078727722168, 0.04837512969970703, 0.05264019966125488, 0.05678415298461914, 0.03986501693725586, 0.037065982818603516, 0.04920697212219238, 0.03754687309265137, 0.0337679386138916, 0.03587794303894043, 0.05499696731567383, 0.031100988388061523, 0.029544830322265625, 0.03896808624267578, 0.047554969787597656, 0.03456687927246094, 0.05411410331726074, 0.04345703125, 0.05526900291442871, 0.05244588851928711, 0.024636030197143555, 0.03763413429260254, 0.04595589637756348, 0.04033493995666504, 0.02951788902282715, 0.06745791435241699, 0.049069881439208984, 0.034835100173950195, 0.04431891441345215, 0.0383000373840332, 0.03705883026123047, 0.03191208839416504, 0.032115936279296875, 0.039736032485961914, 0.042181968688964844, 0.03915596008300781, 0.03394603729248047, 0.03691816329956055, 0.043470144271850586, 0.03309202194213867, 0.05718517303466797, 0.042840003967285156, 0.032853126525878906, 0.04218888282775879, 0.029783010482788086, 0.027868986129760742, 0.030476093292236328, 0.04581403732299805, 0.04808402061462402]