*********** Attributes (4-5) **********

Train errors: 
[ 0.70280819  0.70239316  0.6994822   0.69948154  0.70104081  0.6998262
  0.7009201   0.70016848  0.69946172  0.70074358  0.70172152  0.69892
  0.70062678  0.70091116  0.70211977  0.70189603  0.70406848  0.69940772
  0.69880084  0.7033164   0.70487607  0.69849637  0.69891554  0.70014015
  0.70021252  0.70105555  0.70252866  0.70109136  0.70012742  0.69995365
  0.70311181  0.7005371   0.70329317  0.7013106   0.70368356  0.69862797
  0.69890543  0.70584246  0.70248642  0.70008926  0.70193105  0.70106858
  0.70022465  0.70044059  0.69843656  0.699846    0.70009469  0.70277422
  0.69958048  0.70297927  0.69990905  0.70284073  0.70125241  0.69933087
  0.70053499  0.69968873  0.70188264  0.70132472  0.7017048   0.70006716
  0.70249331  0.70118012  0.70267748  0.70179602  0.69979039  0.70068653
  0.69965865  0.69818785  0.69907866  0.70019948  0.70562626  0.70260397
  0.70184085  0.70036089  0.69892698  0.70049604  0.69911348  0.69997833
  0.70545589  0.70075167  0.70081285  0.70195755  0.70202713  0.69883362
  0.7014853   0.70157735  0.70274064  0.69980031  0.69914077  0.70167161
  0.69959232  0.69896367  0.70340504  0.70131718  0.70129744  0.70390884
  0.70403021  0.69809683  0.70253354  0.70144789  0.69913713  0.70560868
  0.70150931  0.69955885  0.70294633  0.70274326  0.7013846   0.70096722
  0.7084554   0.6996155   0.70068148  0.70239904  0.69918602  0.70079473
  0.70085527  0.69903565  0.70118161  0.70004668  0.69903478  0.69734351
  0.70049981  0.70142135  0.69916191  0.69885101  0.69844973  0.69947969
  0.69944326  0.6998085   0.6983294   0.70110445  0.69747826  0.70114603
  0.70160375  0.702632    0.70197608  0.70173872  0.70071434  0.70212751
  0.70354431  0.70491222  0.70256201  0.69975095  0.70514745  0.70237476
  0.70226239  0.69876052  0.70179904  0.69986512  0.70184747  0.70009762
  0.69925591  0.69847306  0.69859186  0.70970414  0.69976794  0.69965113
  0.70444434  0.70230925  0.70129524  0.70168058  0.70140905  0.70178803
  0.69996086  0.70240646  0.70426643  0.70154435  0.7000195   0.70076361
  0.70120898  0.70030319  0.69877271  0.69936845  0.70078897  0.70002973
  0.70248637  0.70461921  0.69950182  0.69980221  0.69993283  0.70160695
  0.70100822  0.70055583  0.7010981   0.7041624   0.7002165   0.70061277
  0.69858716  0.69951257  0.69852318  0.70177217  0.70031127  0.70295018
  0.69970249  0.69953534  0.70405228  0.70332914  0.70274435  0.69803451
  0.70155644  0.70226454  0.70447299  0.70244587  0.70010581  0.7062184
  0.70907322  0.69890676  0.70138792  0.70067784  0.70204177  0.700942
  0.69968124  0.69879635  0.70037286  0.70211514  0.7023366   0.70822591
  0.69938027  0.70090797  0.70117511  0.69883224  0.70193905  0.69742383
  0.70023082  0.69963076  0.69992616  0.70179615  0.70097526  0.70263826
  0.69930489  0.70563897  0.70116877  0.70137957  0.70270624  0.69819574
  0.70208233  0.71138153  0.70129109  0.69972665  0.7003398   0.7015968
  0.70176989  0.69955672  0.700506    0.70167359  0.69993285  0.70336044
  0.70506477  0.70199761  0.70106889  0.7009879   0.70019317  0.70297413
  0.70025778  0.70062264  0.70027969  0.70215778  0.69914906  0.70119632
  0.70085495  0.70336412  0.70324818  0.69893724  0.70001442  0.70119122
  0.70090193  0.7030541   0.69973854  0.70290126  0.70450556  0.70245198
  0.7020372   0.70846999  0.70104192  0.69948035  0.70116345  0.70262788
  0.70298921  0.70037212  0.69993558  0.70365527  0.70647949  0.69907548
  0.70000429  0.69952155  0.69933145  0.70135155  0.69947083  0.69896484
  0.70030754  0.70118994  0.69891776  0.69906413  0.70342497  0.699432
  0.69923779  0.70153978  0.70034711  0.70796029]

Test errors: 
[ 0.73492204  0.72859956  0.73449216  0.72919734  0.73946547  0.73081747
  0.73051381  0.73218364  0.73621833  0.73375649  0.73513874  0.72833869
  0.73184218  0.73526575  0.738013    0.73592315  0.74138896  0.73489104
  0.7319457   0.73699833  0.74040523  0.73233442  0.72945123  0.73517743
  0.73677828  0.73452962  0.73322058  0.73295731  0.73690274  0.73303058
  0.7345389   0.73224016  0.73416833  0.73217953  0.7397345   0.73223479
  0.73247308  0.74423985  0.73083937  0.73188057  0.74103517  0.738733
  0.73450447  0.73448569  0.72925281  0.73477697  0.73325895  0.74147252
  0.73068683  0.73989877  0.72973857  0.73728581  0.73772619  0.72861887
  0.73557218  0.73204564  0.73389476  0.733244    0.73152251  0.73649116
  0.73761235  0.73726431  0.73708964  0.733623    0.7349687   0.73725481
  0.7337649   0.72802329  0.73368752  0.73418099  0.74050305  0.73496723
  0.73780839  0.72849153  0.73000935  0.73591074  0.73340949  0.73723435
  0.74070401  0.73302325  0.73268026  0.73301195  0.73491328  0.73468183
  0.74018885  0.73414998  0.7361507   0.73454471  0.73073798  0.73829254
  0.73192531  0.73147432  0.74027867  0.73733696  0.73306956  0.73522966
  0.73538219  0.72937549  0.73203551  0.73354574  0.73393213  0.74006784
  0.73270911  0.73555647  0.7410246   0.73633746  0.73954051  0.73446155
  0.7458836   0.7335096   0.73703428  0.734456    0.73503198  0.73392766
  0.73363178  0.72981906  0.73573127  0.73177429  0.73498605  0.73246771
  0.73112263  0.73837714  0.72932715  0.72889556  0.73791238  0.73197389
  0.73397502  0.73128295  0.73405973  0.73807893  0.73284008  0.73437261
  0.73616372  0.73858418  0.73805452  0.73873285  0.73120791  0.73506661
  0.7377126   0.74439508  0.73612308  0.73718932  0.73776634  0.73401089
  0.73640458  0.73027699  0.73820692  0.73353986  0.73708954  0.73468352
  0.73523692  0.73348024  0.7332468   0.74154784  0.73583961  0.73390085
  0.73429606  0.73924169  0.73251364  0.73585189  0.73380696  0.73870081
  0.73081317  0.73707336  0.7390071   0.73790071  0.7366677   0.73266765
  0.73841155  0.73262617  0.73079371  0.72814836  0.73227212  0.73442729
  0.73237961  0.73466059  0.73151471  0.73389632  0.72915217  0.73714254
  0.73356686  0.72740205  0.73631095  0.73564873  0.73281744  0.73776583
  0.73309432  0.73048592  0.73377714  0.7331463   0.73769242  0.73617941
  0.73141516  0.73194405  0.7393584   0.73246031  0.74000884  0.73106416
  0.73830332  0.73707624  0.73846848  0.73319295  0.73390852  0.73865447
  0.74205034  0.73533177  0.73276577  0.73471743  0.73567321  0.73237365
  0.73352984  0.73367023  0.73325187  0.73734138  0.74242654  0.74337028
  0.7322612   0.73486243  0.73192005  0.73632215  0.73578145  0.72990068
  0.73439478  0.73262357  0.72935334  0.73166305  0.73828269  0.73326043
  0.73086654  0.74266657  0.73320427  0.72993662  0.73658012  0.73242626
  0.73437497  0.74312093  0.73235491  0.73386151  0.73377133  0.73469306
  0.73482668  0.73308193  0.7329193   0.73182659  0.73517817  0.73551916
  0.73740363  0.73141895  0.74050442  0.73339833  0.72763775  0.73802197
  0.73227512  0.73699403  0.73731062  0.7350574   0.73382288  0.7362003
  0.73284421  0.7329349   0.7356168   0.7337219   0.73271483  0.73620264
  0.73568277  0.74190249  0.73678235  0.73464262  0.73458184  0.73079116
  0.7357854   0.74078336  0.73523132  0.73384457  0.73775376  0.73564235
  0.74383723  0.72906186  0.73444633  0.7366662   0.74019392  0.73142398
  0.73515256  0.73120317  0.73119026  0.73296681  0.73355826  0.72925327
  0.73725094  0.73370339  0.73830651  0.73482763  0.73175251  0.73398308
  0.73332265  0.73651421  0.7301674   0.74384339]

Running times: 
[0.006230831146240234, 0.008538007736206055, 0.010846853256225586, 0.013195991516113281, 0.01584911346435547, 0.018811941146850586, 0.017853975296020508, 0.023890018463134766, 0.02628302574157715, 0.029632091522216797, 0.030627012252807617, 0.022748947143554688, 0.02560591697692871, 0.02788090705871582, 0.04419898986816406, 0.029015064239501953, 0.030728816986083984, 0.024509906768798828, 0.02237987518310547, 0.026044845581054688, 0.03525710105895996, 0.02522897720336914, 0.03915691375732422, 0.03274393081665039, 0.03525185585021973, 0.026495933532714844, 0.01853203773498535, 0.02896595001220703, 0.04640698432922363, 0.022169113159179688, 0.04101109504699707, 0.028328895568847656, 0.025322914123535156, 0.014304876327514648, 0.026364803314208984, 0.03890585899353027, 0.01618504524230957, 0.0475611686706543, 0.029310941696166992, 0.04155397415161133, 0.0454709529876709, 0.01614093780517578, 0.022201061248779297, 0.032479047775268555, 0.031183958053588867, 0.025818824768066406, 0.020984888076782227, 0.026391029357910156, 0.03781390190124512, 0.029366016387939453, 0.0220029354095459, 0.02896404266357422, 0.026782989501953125, 0.024528980255126953, 0.03124380111694336, 0.027925968170166016, 0.02348780632019043, 0.04427003860473633, 0.021410226821899414, 0.022459983825683594, 0.024739980697631836, 0.02645111083984375, 0.04557394981384277, 0.02426004409790039, 0.02291584014892578, 0.02934098243713379, 0.030583858489990234, 0.023587942123413086, 0.01936197280883789, 0.02892613410949707, 0.04168081283569336, 0.042443037033081055, 0.02255702018737793, 0.01862812042236328, 0.02128291130065918, 0.0240781307220459, 0.03218817710876465, 0.01634502410888672, 0.03741002082824707, 0.03160691261291504, 0.028631210327148438, 0.042207956314086914, 0.03133797645568848, 0.03067493438720703, 0.027378082275390625, 0.019266128540039062, 0.042114973068237305, 0.02837681770324707, 0.031132936477661133, 0.031206130981445312, 0.024312973022460938, 0.04489398002624512, 0.017781972885131836, 0.01987004280090332, 0.037672996520996094, 0.026458024978637695, 0.020834922790527344, 0.03183388710021973, 0.02449512481689453, 0.02922201156616211, 0.020455121994018555, 0.04180192947387695, 0.04834890365600586, 0.03152918815612793, 0.02089405059814453, 0.029803037643432617, 0.033596038818359375, 0.02765202522277832, 0.040766000747680664, 0.018021106719970703, 0.039237022399902344, 0.028867006301879883, 0.028937816619873047, 0.032295942306518555, 0.03694915771484375, 0.021458148956298828, 0.024338960647583008, 0.03527212142944336, 0.02747201919555664, 0.030297040939331055, 0.023617029190063477, 0.032633066177368164, 0.027905941009521484, 0.025068044662475586, 0.021364927291870117, 0.02001500129699707, 0.03890085220336914, 0.029262781143188477, 0.03472089767456055, 0.027048826217651367, 0.026791095733642578, 0.024313926696777344, 0.028234004974365234, 0.02440500259399414, 0.01964592933654785, 0.019479036331176758, 0.02941298484802246, 0.042646169662475586, 0.04463505744934082, 0.029215097427368164, 0.02504587173461914, 0.027125120162963867, 0.02253103256225586, 0.03819704055786133, 0.03166913986206055, 0.021281003952026367, 0.036231040954589844, 0.023486852645874023, 0.04246997833251953, 0.04117584228515625, 0.020277023315429688, 0.024145841598510742, 0.024379968643188477, 0.03951597213745117, 0.0276029109954834, 0.025187969207763672, 0.021406173706054688, 0.03665590286254883, 0.024971961975097656, 0.027237892150878906, 0.028336048126220703, 0.03504800796508789, 0.040762901306152344, 0.03163504600524902, 0.026313066482543945, 0.01933908462524414, 0.021133899688720703, 0.039340972900390625, 0.023834943771362305, 0.026322126388549805, 0.03995513916015625, 0.029564857482910156, 0.026885986328125, 0.03921103477478027, 0.03211712837219238, 0.030824899673461914, 0.019665956497192383, 0.022233963012695312, 0.023786067962646484, 0.025172948837280273, 0.03311300277709961, 0.034013986587524414, 0.024277925491333008, 0.04890012741088867, 0.024306058883666992, 0.03477883338928223, 0.03205704689025879, 0.025574922561645508, 0.022831201553344727, 0.02399611473083496, 0.03489398956298828, 0.02424001693725586, 0.027592897415161133, 0.02339792251586914, 0.03008294105529785, 0.025846004486083984, 0.019540786743164062, 0.037499189376831055, 0.015214920043945312, 0.04010581970214844, 0.023324966430664062, 0.014808893203735352, 0.021068096160888672, 0.036338090896606445, 0.033019065856933594, 0.02211904525756836, 0.028296947479248047, 0.023997783660888672, 0.031594038009643555, 0.023720979690551758, 0.026571035385131836, 0.02972888946533203, 0.019130945205688477, 0.031796932220458984, 0.022391080856323242, 0.024157047271728516, 0.01701807975769043, 0.02507805824279785, 0.035964012145996094, 0.02675914764404297, 0.03092789649963379, 0.025484085083007812, 0.03974795341491699, 0.015580892562866211, 0.025172948837280273, 0.026095867156982422, 0.0272519588470459, 0.033432960510253906, 0.028404951095581055, 0.034361839294433594, 0.03086400032043457, 0.03649711608886719, 0.030303001403808594, 0.018034934997558594, 0.021445035934448242, 0.03866386413574219, 0.04120898246765137, 0.026713132858276367, 0.02175593376159668, 0.04114413261413574, 0.029104948043823242, 0.021691083908081055, 0.024338960647583008, 0.02349400520324707, 0.041335105895996094, 0.02934718132019043, 0.0419769287109375, 0.039105892181396484, 0.03112316131591797, 0.021476030349731445, 0.02644801139831543, 0.02388286590576172, 0.021281957626342773, 0.02893209457397461, 0.03428387641906738, 0.025353193283081055, 0.023207902908325195, 0.018644094467163086, 0.018993854522705078, 0.02690911293029785, 0.033035993576049805, 0.030638933181762695, 0.02723407745361328, 0.03229093551635742, 0.037661075592041016, 0.01973414421081543, 0.01762700080871582, 0.02675914764404297, 0.029675960540771484, 0.04529404640197754, 0.038765907287597656, 0.0438380241394043, 0.032035112380981445, 0.024448871612548828, 0.029742956161499023, 0.03346419334411621, 0.021313905715942383, 0.03202676773071289, 0.025150060653686523, 0.014751195907592773, 0.02877187728881836, 0.016798019409179688, 0.02985095977783203, 0.02926015853881836, 0.03926801681518555, 0.027261972427368164, 0.01659417152404785, 0.03402400016784668, 0.029622793197631836, 0.033186912536621094, 0.0264132022857666, 0.02738499641418457, 0.025115013122558594, 0.03376889228820801, 0.04018092155456543, 0.03372383117675781, 0.041748046875, 0.031320810317993164]