*********** Attributes (0-60) **********

Train errors: 
[ 0.          0.04827586  0.07509579  0.09137931  0.10124138  0.11340996
  0.13187896  0.13976293  0.14899957  0.1557931   0.17013394  0.17274904
  0.17420935  0.17983814  0.18433716  0.18362069  0.18355805  0.18927203
  0.19006591  0.19075862  0.19576198  0.19700769  0.19886578  0.19794061
  0.19928276  0.20088757  0.20189206  0.20372977  0.20307516]

Test errors: 
[ 0.15873016  0.15079365  0.17107584  0.17857143  0.18603175  0.18783069
  0.19598316  0.20634921  0.21751911  0.22380952  0.23770169  0.23798501
  0.23884662  0.24684159  0.24670194  0.24435764  0.24633383  0.24563982
  0.24570197  0.24738095  0.2473455   0.24235865  0.24676689  0.24148479
  0.24124444  0.24049028  0.23977181  0.23902656  0.24026575]

Running times: 
[0.002619028091430664, 0.000537872314453125, 0.0005240440368652344, 0.0005230903625488281, 0.0005249977111816406, 0.0005259513854980469, 0.0005261898040771484, 0.0003528594970703125, 0.0003509521484375, 0.0005350112915039062, 0.0005280971527099609, 0.00042700767517089844, 0.0003650188446044922, 0.0003590583801269531, 0.0003859996795654297, 0.0004019737243652344, 0.0003578662872314453, 0.0004010200500488281, 0.00036406517028808594, 0.0006330013275146484, 0.0004601478576660156, 0.0003590583801269531, 0.00036215782165527344, 0.00035691261291503906, 0.0003581047058105469, 0.0003559589385986328, 0.0003581047058105469, 0.0003590583801269531, 0.0003650188446044922]