*********** Attributes (7-8) **********

Train errors: 
[ 0.95332555  0.71390023  0.63474005  0.60437938  0.5908168   0.59530176
  0.59215226  0.59398702  0.59601394  0.60264294  0.60292487  0.60732084
  0.60872177  0.60982336  0.60971347  0.60941944  0.61384366  0.61669062
  0.61817782  0.62003282  0.62128543  0.62242218  0.62389683  0.62491998
  0.62729942  0.63099829  0.6333407   0.63515385  0.63631151]

Test errors: 
[ 1.26054422  0.97891156  0.91693122  0.8372449   0.8037551   0.78921013
  0.76372345  0.7573767   0.74965147  0.74942177  0.74196323  0.73399943
  0.73092219  0.72467722  0.72617989  0.72028327  0.71737401  0.71852692
  0.71710668  0.71129932  0.71305012  0.70983302  0.70771832  0.70527329
  0.70712925  0.70823773  0.70948742  0.70953682  0.7103238 ]

Running times: 
[0.0030450820922851562, 0.002213001251220703, 0.002546072006225586, 0.0028450489044189453, 0.0028960704803466797, 0.0018970966339111328, 0.0019519329071044922, 0.0018439292907714844, 0.0018241405487060547, 0.0018470287322998047, 0.0018241405487060547, 0.0018570423126220703, 0.0018429756164550781, 0.0018529891967773438, 0.0018339157104492188, 0.0018401145935058594, 0.0028078556060791016, 0.0018520355224609375, 0.0018460750579833984, 0.0018398761749267578, 0.00189208984375, 0.0018529891967773438, 0.0018630027770996094, 0.0018520355224609375, 0.0018460750579833984, 0.0018799304962158203, 0.0028209686279296875, 0.0018558502197265625, 0.0018749237060546875]