*********** Attributes (2-3) **********

Train errors: 
[ 1.51312719  1.13426196  1.05296253  0.90743509  0.84038506  0.82731265
  0.78333294  0.78032927  0.7856901   0.79215869  0.78539157  0.76815522
  0.75951268  0.75235307  0.74712304  0.74489726  0.7414161   0.74044002
  0.73345223  0.7315862   0.73101932  0.72970108  0.72633908  0.7271829
  0.72813769  0.72895162  0.72756553  0.72697645  0.72598084]

Test errors: 
[ 1.47142857  1.15153061  1.07739985  0.9644983   0.9037551   0.89599395
  0.83551298  0.82458546  0.82826069  0.82631973  0.81426323  0.79479875
  0.77961196  0.7729453   0.76759788  0.76545227  0.76257091  0.76283069
  0.7601598   0.76237245  0.76175051  0.75686878  0.75032728  0.75098498
  0.75266503  0.75497625  0.75480623  0.75672029  0.75547979]

Running times: 
[0.0031280517578125, 0.002763032913208008, 0.0017650127410888672, 0.001748800277709961, 0.001748800277709961, 0.00286102294921875, 0.0034799575805664062, 0.0018320083618164062, 0.0021331310272216797, 0.002727985382080078, 0.0025489330291748047, 0.0017580986022949219, 0.002724170684814453, 0.0021238327026367188, 0.0019550323486328125, 0.00279998779296875, 0.0027790069580078125, 0.0027718544006347656, 0.002792835235595703, 0.0020329952239990234, 0.0019390583038330078, 0.0027120113372802734, 0.003175973892211914, 0.002980947494506836, 0.0028340816497802734, 0.0030450820922851562, 0.0029709339141845703, 0.0029230117797851562, 0.002774953842163086]