*********** Attributes (5-6) **********

Train errors: 
[ 1.35997666  1.04733081  0.93984183  0.89717036  0.84130688  0.83044049
  0.81130188  0.80656086  0.78830474  0.7885706   0.78300481  0.77745568
  0.76733548  0.76077114  0.75452224  0.75267899  0.75034723  0.75271007
  0.74787315  0.74679332  0.74360409  0.74046501  0.74173106  0.74033491
  0.73897503  0.73698674  0.73572676  0.73424477  0.73211518]

Test errors: 
[ 1.44829932  1.1047619   1.01247166  0.94876701  0.88462585  0.89848828
  0.87724559  0.87654124  0.86085496  0.85565986  0.84978917  0.84358466
  0.83583303  0.83270512  0.826839    0.82171025  0.8121884   0.81944654
  0.81075056  0.80365306  0.79778796  0.79371732  0.79643532  0.79468065
  0.79312762  0.79125307  0.78534849  0.78295936  0.78370016]

Running times: 
[0.0020170211791992188, 0.001705169677734375, 0.0016880035400390625, 0.0017571449279785156, 0.002496957778930664, 0.002054929733276367, 0.002499103546142578, 0.002521991729736328, 0.002544879913330078, 0.002537965774536133, 0.002412080764770508, 0.0016820430755615234, 0.0018122196197509766, 0.002671957015991211, 0.0026140213012695312, 0.0017468929290771484, 0.0025479793548583984, 0.002532958984375, 0.002547025680541992, 0.0017778873443603516, 0.0023610591888427734, 0.0025548934936523438, 0.0025720596313476562, 0.002567768096923828, 0.002579927444458008, 0.001995086669921875, 0.001705169677734375, 0.002557992935180664, 0.0025539398193359375]