*********** Attributes (4-5) **********

Train errors: 
[ 1.80834306  1.00714702  0.95870608  0.87492707  0.84193699  0.80874011
  0.81281999  0.78781815  0.77466975  0.76867561  0.76678448  0.75172801
  0.73461849  0.73064112  0.72412939  0.71715468  0.71382024  0.71321236
  0.71440508  0.71421747  0.71401318  0.71124104  0.71085832  0.70620472
  0.70629592  0.70732197  0.70644919  0.70454153  0.7030772 ]

Test errors: 
[ 1.77278912  1.03061224  0.96946334  0.8764881   0.84027211  0.80710506
  0.80674719  0.79084821  0.77828168  0.78285034  0.77807387  0.7678099
  0.75724751  0.75132237  0.74819048  0.7432956   0.74369748  0.74222936
  0.74614921  0.74553571  0.74302374  0.74027942  0.74159433  0.73640164
  0.73679129  0.73715232  0.73770518  0.73727527  0.7367994 ]

Running times: 
[0.002949953079223633, 0.002657175064086914, 0.0026450157165527344, 0.002964019775390625, 0.002553224563598633, 0.003000974655151367, 0.0029649734497070312, 0.0019638538360595703, 0.0029931068420410156, 0.002868175506591797, 0.0031189918518066406, 0.003025054931640625, 0.0020301342010498047, 0.002424955368041992, 0.002053976058959961, 0.0031359195709228516, 0.002068042755126953, 0.0031080245971679688, 0.002565145492553711, 0.0031020641326904297, 0.003094911575317383, 0.0031440258026123047, 0.0031349658966064453, 0.003119945526123047, 0.0030591487884521484, 0.003139972686767578, 0.0021011829376220703, 0.003114938735961914, 0.003270864486694336]