*********** Attributes (10-11) **********

Train errors: 
[ 1.21295216  1.00816803  0.83083755  0.76553384  0.74198366  0.71125049
  0.70908842  0.6789491   0.67073988  0.66515461  0.65967434  0.65711299
  0.64780644  0.63966465  0.63675094  0.63652389  0.63325231  0.63003299
  0.62677655  0.62805936  0.62887928  0.6273946   0.62520431  0.62268552
  0.6192224   0.61721992  0.61656647  0.61526884  0.61420636]

Test errors: 
[ 1.23537415  1.03554422  0.9026455   0.82487245  0.79093878  0.76345427
  0.75782313  0.7244898   0.71669606  0.71263946  0.70846124  0.70762472
  0.69705752  0.68446134  0.68276039  0.67871758  0.67885978  0.67439741
  0.67213523  0.67238776  0.67480834  0.67207511  0.66926045  0.6659049
  0.66320435  0.66044761  0.66258877  0.6570986   0.65738148]

Running times: 
[0.0029430389404296875, 0.002752065658569336, 0.0027589797973632812, 0.002730131149291992, 0.0027229785919189453, 0.0020241737365722656, 0.0017819404602050781, 0.0027098655700683594, 0.002763032913208008, 0.001806020736694336, 0.0027260780334472656, 0.0027589797973632812, 0.0017859935760498047, 0.0017750263214111328, 0.0027399063110351562, 0.002772092819213867, 0.0027670860290527344, 0.0027489662170410156, 0.0027458667755126953, 0.002733945846557617, 0.002747058868408203, 0.0027618408203125, 0.002399921417236328, 0.0018310546875, 0.0027480125427246094, 0.0027608871459960938, 0.00179290771484375, 0.002696990966796875, 0.00267791748046875]