*********** Attributes (9-10) **********

Train errors: 
[ 1.49795799  1.14964994  0.9379943   0.86945741  0.85408401  0.8572783
  0.85966113  0.85022699  0.84317602  0.84102975  0.83065566  0.82402478
  0.82008762  0.82427131  0.82489563  0.81888811  0.80937466  0.80872301
  0.80402874  0.79679551  0.7931097   0.79138379  0.79103535  0.79422323
  0.79340957  0.79384791  0.79520827  0.79426705  0.79443368]

Test errors: 
[ 1.45238095  1.12823129  0.91836735  0.84319728  0.82084354  0.82174981
  0.82001944  0.81382866  0.80848241  0.80463946  0.78801934  0.78478836
  0.790287    0.79810149  0.80221618  0.79182876  0.77783584  0.78057445
  0.77145495  0.77056803  0.77055085  0.77378422  0.77290485  0.77635936
  0.77212844  0.77149398  0.77370174  0.77552582  0.77593972]

Running times: 
[0.0028929710388183594, 0.0017209053039550781, 0.0016880035400390625, 0.0016961097717285156, 0.0017540454864501953, 0.0017099380493164062, 0.002627849578857422, 0.0026350021362304688, 0.0026597976684570312, 0.002624988555908203, 0.0026280879974365234, 0.0019359588623046875, 0.0023691654205322266, 0.0026340484619140625, 0.002699136734008789, 0.00263214111328125, 0.0026481151580810547, 0.0026390552520751953, 0.002624988555908203, 0.0026459693908691406, 0.0026559829711914062, 0.0026340484619140625, 0.002321958541870117, 0.0026290416717529297, 0.0017859935760498047, 0.0017838478088378906, 0.002633810043334961, 0.002618074417114258, 0.0026171207427978516]