*********** Attributes (8-9) **********

Train errors: 
[ 1.33372229  1.20930572  0.99481395  0.96111071  0.92114352  0.90254278
  0.89661967  0.87759809  0.86645922  0.84284714  0.84382383  0.82490195
  0.80241036  0.79919272  0.79904188  0.79060768  0.79001748  0.78461688
  0.78404503  0.78045362  0.77713018  0.77722294  0.7786278   0.7777089
  0.77576523  0.77329407  0.77108673  0.76918735  0.76846998]

Test errors: 
[ 1.42312925  1.25816327  1.04066515  1.01186224  0.96965986  0.94280045
  0.92143551  0.90520833  0.89067775  0.86671429  0.86690279  0.8457294
  0.82589059  0.8196203   0.81208163  0.80512861  0.81062778  0.80517553
  0.80414005  0.79821599  0.79456554  0.79440884  0.79255816  0.79127102
  0.78812517  0.78683533  0.78564896  0.78376371  0.78348823]

Running times: 
[0.0018601417541503906, 0.0018069744110107422, 0.0016570091247558594, 0.0016460418701171875, 0.0024869441986083984, 0.0016810894012451172, 0.0018579959869384766, 0.0016639232635498047, 0.0016388893127441406, 0.0016391277313232422, 0.0017490386962890625, 0.002604961395263672, 0.002357006072998047, 0.0025708675384521484, 0.00249481201171875, 0.0024878978729248047, 0.0025060176849365234, 0.002276897430419922, 0.0024950504302978516, 0.0025091171264648438, 0.0018949508666992188, 0.00251007080078125, 0.002496957778930664, 0.0025110244750976562, 0.002507925033569336, 0.0025072097778320312, 0.002505064010620117, 0.0025110244750976562, 0.0025191307067871094]