*********** Attributes (0-1) **********

Train errors: 
[ 1.27333722  1.22841307  0.96765202  0.91277713  0.87374562  0.83532672
  0.82639368  0.8096968   0.81768875  0.79576721  0.79689866  0.8130105
  0.8107044   0.81527278  0.81310904  0.80054879  0.79268229  0.7892213
  0.79174599  0.79286975  0.78306636  0.78089048  0.77875298  0.77670664
  0.77327748  0.77242194  0.77127521  0.76687335  0.7646482 ]

Test errors: 
[ 1.31836735  1.26836735  1.02471655  0.96981293  0.91121088  0.8643802
  0.85196446  0.83109056  0.83747375  0.8202585   0.82801484  0.84265401
  0.84127521  0.84524504  0.84064399  0.83027477  0.81805193  0.81676325
  0.81884033  0.81821599  0.81212612  0.81073537  0.80873166  0.8049615
  0.80161741  0.80116632  0.8009061   0.79853273  0.79532707]

Running times: 
[0.0024797916412353516, 0.0017590522766113281, 0.0017528533935546875, 0.002855062484741211, 0.0027420520782470703, 0.002749204635620117, 0.002755880355834961, 0.0027887821197509766, 0.0027680397033691406, 0.001873016357421875, 0.0027799606323242188, 0.002769947052001953, 0.002775907516479492, 0.0027840137481689453, 0.0029098987579345703, 0.002841949462890625, 0.0024089813232421875, 0.0027761459350585938, 0.002772092819213867, 0.0028069019317626953, 0.0018260478973388672, 0.0017669200897216797, 0.0017669200897216797, 0.00189208984375, 0.002808094024658203, 0.0020639896392822266, 0.002832174301147461, 0.003017902374267578, 0.0029010772705078125]