*********** Attributes (1-2) **********

Train errors: 
[ 1.23803967  0.98650817  0.94515753  0.90264002  0.88434072  0.8463957
  0.83397828  0.82420052  0.81951467  0.81580805  0.8103272   0.80997585
  0.81004674  0.8022602   0.79530792  0.79448544  0.79330206  0.78755294
  0.79446517  0.78746572  0.79056232  0.78439167  0.77928458  0.77922623
  0.78131202  0.77560449  0.7796049   0.78264235  0.78197283]

Test errors: 
[ 1.23333333  0.97465986  0.94331066  0.88767007  0.87434014  0.82465986
  0.80898237  0.78947704  0.78359788  0.78042177  0.77509979  0.77379063
  0.77192368  0.75610162  0.75437037  0.7549426   0.75600358  0.7499811
  0.75909511  0.75027551  0.75584093  0.74804492  0.74511271  0.74515424
  0.74706068  0.73922433  0.74345343  0.74606848  0.74477501]

Running times: 
[0.003095865249633789, 0.0018069744110107422, 0.0033948421478271484, 0.0018258094787597656, 0.003107786178588867, 0.0018820762634277344, 0.0020029544830322266, 0.0029327869415283203, 0.002894878387451172, 0.002819061279296875, 0.002456188201904297, 0.0029489994049072266, 0.0022521018981933594, 0.0029277801513671875, 0.002215862274169922, 0.002836942672729492, 0.0029599666595458984, 0.003170013427734375, 0.003114938735961914, 0.0031321048736572266, 0.0028438568115234375, 0.0027229785919189453, 0.0029680728912353516, 0.0026030540466308594, 0.0033121109008789062, 0.003258943557739258, 0.0030739307403564453, 0.002858877182006836, 0.002866029739379883]