*********** Attributes (0-11) **********

Train errors: 
[ 0.          0.207993    0.31971995  0.38329565  0.43165694  0.46071567
  0.48155645  0.49780758  0.51496752  0.52866978  0.53735884  0.54902235
  0.55653062  0.56531148  0.57256191  0.57670403  0.58393224  0.58902808
  0.59168022  0.59521806  0.59651476  0.5987631   0.60248912  0.60496129
  0.60667351  0.60854225  0.61175777  0.61351185  0.61478598]

Test errors: 
[ 0.86530612  0.75289116  0.71678005  0.69166667  0.68908844  0.67806122
  0.68253505  0.67895408  0.68364827  0.67655782  0.68115478  0.68387188
  0.67948315  0.67850548  0.67664701  0.67354911  0.67647059  0.67534014
  0.67395745  0.67194218  0.67028399  0.66881571  0.67220272  0.6734812
  0.67481905  0.67369078  0.67502403  0.67596921  0.67610959]

Running times: 
[0.0045239925384521484, 0.004161834716796875, 0.0041980743408203125, 0.003056049346923828, 0.004099130630493164, 0.004088878631591797, 0.00402379035949707, 0.004200935363769531, 0.004153013229370117, 0.002727031707763672, 0.0027170181274414062, 0.004105091094970703, 0.003244161605834961, 0.004181861877441406, 0.0042150020599365234, 0.004190921783447266, 0.004186153411865234, 0.002689838409423828, 0.00419306755065918, 0.004160881042480469, 0.004003047943115234, 0.004045009613037109, 0.0026569366455078125, 0.004316091537475586, 0.004220008850097656, 0.003534078598022461, 0.004244089126586914, 0.004202842712402344, 0.0027840137481689453]