*********** Attributes (6-7) **********

Train errors: 
[ 1.18494749  0.92473746  0.81505251  0.76540621  0.71942824  0.70615357
  0.69875336  0.69105984  0.68613596  0.68561844  0.68369625  0.67947783
  0.67927199  0.67800883  0.67808246  0.67747571  0.67592249  0.67411351
  0.67311646  0.67273337  0.67132551  0.67192096  0.67295904  0.67411857
  0.67531435  0.67589569  0.6763785   0.67711806  0.67691439]

Test errors: 
[ 1.39863946  1.0835034   0.9835223   0.93095238  0.88563265  0.88482615
  0.86998473  0.85899235  0.84533468  0.83871429  0.83636926  0.83184524
  0.83188423  0.83164307  0.83054271  0.83165923  0.83068522  0.82463887
  0.81749486  0.81504932  0.81623398  0.81196379  0.81396808  0.81142763
  0.81118912  0.80694562  0.80657596  0.80382132  0.80083881]

Running times: 
[0.0019769668579101562, 0.0024261474609375, 0.0024840831756591797, 0.002395153045654297, 0.0017211437225341797, 0.002477884292602539, 0.0024869441986083984, 0.0024878978729248047, 0.002521991729736328, 0.002492189407348633, 0.002485990524291992, 0.0017158985137939453, 0.0022840499877929688, 0.001753091812133789, 0.0024900436401367188, 0.0024871826171875, 0.0016570091247558594, 0.0016660690307617188, 0.0024590492248535156, 0.0024759769439697266, 0.002473115921020508, 0.0024819374084472656, 0.001828908920288086, 0.0016658306121826172, 0.0017049312591552734, 0.002479076385498047, 0.00174713134765625, 0.002496957778930664, 0.002529144287109375]