*********** Attributes (3-4) **********

Train errors: 
[ 1.27712952  0.96645274  0.84496953  0.82263711  0.78205368  0.77197588
  0.74536828  0.75428913  0.74758344  0.73940198  0.73850497  0.73775606
  0.73444761  0.73468644  0.73372618  0.73004713  0.72605815  0.72558145
  0.72581187  0.72704565  0.72941853  0.73061962  0.73241492  0.73134795
  0.73049615  0.73061906  0.73264154  0.73302024  0.73344715]

Test errors: 
[ 1.37482993  1.03962585  0.90188964  0.89281463  0.84136054  0.83834089
  0.7880883   0.78838223  0.7814059   0.77489796  0.76699275  0.7579554
  0.75142294  0.74924684  0.74831141  0.7445844   0.73793753  0.73503401
  0.73556259  0.73805952  0.74383359  0.74325631  0.74427298  0.74371693
  0.73892027  0.74101256  0.74092644  0.73980112  0.74042644]

Running times: 
[0.0029449462890625, 0.0029740333557128906, 0.0028328895568847656, 0.0027408599853515625, 0.0027430057525634766, 0.002785921096801758, 0.0027620792388916016, 0.0027649402618408203, 0.0018188953399658203, 0.0021600723266601562, 0.0017540454864501953, 0.002595186233520508, 0.0028078556060791016, 0.0030138492584228516, 0.0028541088104248047, 0.002875089645385742, 0.0028569698333740234, 0.0029349327087402344, 0.0027399063110351562, 0.0024580955505371094, 0.00279998779296875, 0.0028839111328125, 0.002830028533935547, 0.0027899742126464844, 0.001889944076538086, 0.002702951431274414, 0.0027158260345458984, 0.0028760433197021484, 0.0026369094848632812]